70877
68337
72019
53065
20596
48235
44150
58367
23574
16665
26428
32933
77741
82168
44049
33612
78006
42497
91962
62859
99072
87301
34345
31868
56014
23232
51575
67752
27665
69155
58415
94334
61335
78104
27724
64783
33800
89410
59417
72883
50480
91122
19821
26220
70644
12687
45488
25965
88624
21926
62745
56315
52431
10491
76342
28012
95457
44917
24452
50261
83128
37370
12371
65498
62338
76679
68751
19904
86875
55912
13507
84819
61192
97878
29745
17006
30307
53692
18671
46029
15784
52400
31183
58925
93392
52012
74902
67197
37035
58476
95607
43411
37850
67590
99352
21151
48213
39403
27917
27873
