11407
31211
48075
78875
84637
99830
99581
51934
62720
79849
79603
64813
38934
39566
22374
60267
88668
73505
50893
29729
99991
94505
27990
80854
96787
71886
33717
15924
40341
46578
89983
96319
90128
73844
55969
38504
33934
27102
24963
73200
56820
76740
16086
11992
90953
63075
35741
75610
26861
29122
84157
87683
36427
58361
24665
47203
46098
69120
85540
53970
95455
13689
18541
65671
62243
77695
44439
43340
36743
15849
41837
85899
47943
53646
96319
63940
16643
22815
20339
57335
15127
24977
49107
62621
96469
61291
51190
62824
26531
79465
98057
89149
34910
32728
18560
51583
78520
20269
48125
63270
40671
67919
84146
47629
46302
38154
10978
96386
85063
54686
38162
64634
90943
96236
31216
21278
25210
38352
11393
26700
60967
34589
29199
90555
92168
83701
38087
85424
72993
93849
82842
55903
24742
33604
58623
34959
56453
84879
39481
40991
95886
74957
90718
97937
70454
74577
90081
15531
82628
59879
63972
62817
16329
71665
31825
68620
93169
19290
98433
33141
88565
80449
64032
98130
49787
88313
67419
86372
65669
15500
15695
17365
59139
44604
59388
95751
55092
66074
95540
61779
58827
65506
58578
65638
99645
40545
39550
43346
21174
52751
17081
15346
86046
67899
20482
42999
13463
67864
72927
24397
51209
61300
95058
76436
12422
81874
82421
38365
90092
60549
92066
65663
87691
67872
18198
15432
50858
36091
94624
25070
95609
84027
14557
70146
61378
30878
94840
51288
88574
65617
19923
75592
26463
75429
82526
43793
66448
45183
37812
96182
55874
97251
73136
58126
71982
25025
24858
46583
73520
62662
23317
92840
89115
25834
49398
45106
19089
96315
70620
84039
65271
95903
25501
26518
71476
87400
72396
68385
76052
27004
86472
85288
73683
63768
67967
92136
14652
99599
80384
55182
25581
94921
50046
76342
89768
69582
96170
13329
95389
35208
56974
56088
25328
61607
65639
63460
36176
55642
71811
54797
39080
32044
19302
14079
66542
18983
24232
14242
97788
57958
55706
62533
93669
55071
54660
30002
60712
18600
19642
13722
69938
67923
51125
46879
23186
13452
10768
37608
21774
69786
64874
10789
64878
59327
83389
69156
37318
83613
95693
48400
46028
55120
63514
15074
45046
64624
14736
73124
56760
59002
35114
49990
40777
57623
87004
17371
35803
84379
73794
56051
52493
12899
16982
51436
14511
69418
14731
58970
75539
49132
87099
79637
67280
14660
67080
11817
21474
66432
62070
59200
89783
74815
45831
53986
48792
93475
84441
94146
21048
30320
42288
78194
84850
56020
73430
25520
76411
38754
81501
93352
56001
59755
49473
34107
92525
53064
55144
39073
99261
24672
22967
63765
31490
95017
73515
11305
22560
68012
92774
11946
11078
82249
21041
35815
80090
80818
96066
11063
75808
28765
69892
58307
82126
77745
91615
85134
85393
81534
56838
73439
29297
88017
51855
34243
48225
48617
75654
67170
74593
99607
45486
32071
98937
37788
61147
47704
89787
62726
63372
16777
77953
12412
69312
27760
77132
18184
26784
65417
26408
89265
99527
46231
50654
54766
70883
84198
20941
14705
84887
70529
22525
33485
16606
48665
31538
97512
71699
97913
47913
77815
16179
19620
45050
63749
79047
72211
98195
27439
18256
33067
77465
62616
68802
14185
85835
61930
98085
99477
64114
70913
18568
21055
54916
31649
63242
65164
31799
44297
22299
46439
22274
39933
83543
13247
77309
90498
98258
32811
77995
72352
61767
72840
38667
43622
91037
72601
30747
28798
38900
72408
58291
41399
46911
40419
30405
65899
63164
68538
69056
60545
30862
47324
46145
92764
17435
62887
53161
82646
38196
62629
72498
24722
62386
23895
11105
56084
69959
91849
66756
27183
61256
92726
47447
13423
67780
85490
45943
38634
76720
19051
91718
56625
77505
90941
28166
93351
16763
64359
58859
80635
45400
99024
78872
35502
73519
59193
42414
87253
56361
23296
53443
47275
33978
94681
61993
70653
38901
67137
44919
25576
89783
10711
47858
70155
19599
57754
30811
52609
98061
40250
21747
47840
44626
77672
26657
87428
57528
60623
29369
65436
69388
95605
75792
37192
21436
19628
83679
73256
70921
75862
45001
43826
31278
42372
69497
99892
76821
97316
39068
50665
55263
84656
82251
43390
65727
94685
82238
83398
60741
77801
72842
41414
33399
67348
51209
50203
92691
35375
74273
93630
99397
31358
83890
11470
72007
86832
77905
41297
15058
24423
41323
27239
27094
50545
51649
40035
20208
27583
88401
18716
31735
32196
59052
26702
59450
88657
85099
47035
34723
70969
12699
70602
63181
32602
40033
12749
48411
38511
27648
79724
19456
50730
16766
57825
33937
44231
57996
20087
46439
40148
22199
87520
66748
35964
58193
11386
39500
28422
55496
67613
15767
84033
31305
87888
31801
98436
87716
89097
53217
73625
12742
53301
45777
23099
91856
59238
76862
40649
81874
22164
50497
82725
63399
76216
63746
41243
51280
28828
65687
45562
12134
88830
76360
33645
81490
77940
61050
55383
98772
60156
52944
84478
48310
60585
91771
81305
90300
64804
21586
98891
69618
83458
66857
36056
29700
20082
82082
64536
15468
33207
45632
68063
87618
67584
26374
55456
26150
54113
59439
32834
69608
69269
76040
35619
39675
84452
55163
86138
14695
51846
55914
16968
44568
74800
55536
37297
16069
27565
93783
55806
92983
91061
62320
91237
66742
31742
42590
99087
92999
62015
47991
73081
43300
64853
21917
71329
36122
17134
16483
66791
74204
88375
11080
87207
24446
62660
79680
31132
20576
74308
86703
21136
96428
56502
82128
58326
49861
79954
13285
64624
30237
24485
57234
87326
37159
37234
58647
90974
75084
68828
91441
28017
76903
66381
62774
10053
14724
22134
39498
29492
51902
68283
83454
41024
24843
17683
42159
50576
88725
39333
12712
54419
76346
15951
51626
38675
60912
30100
93442
60501
49249
19148
14198
31692
53492
31082
77364
56280
74173
50497
92039
30469
98902
51145
97159
10754
40681
16544
62370
45953
79422
71276
72630
94753
14522
90443
13423
13821
40553
11133
23966
48048
93369
73793
92285
58391
40650
79153
71331
46822
91798
19718
27645
71954
96666
72967
38058
66698
48290
63076
50568
42321
66855
76722
41646
55455
79084
10881
52474
12807
96375
35631
39108
18769
30830
26713
68318
89848
19241
31751
78610
79815
39787
36506
66070
92075
76717
38073
82423
40644
65190
23932
47785
90565
34321
51234
76705
59589
89576
54003
61720
11017
13059
81966
85707
26991
47544
32626
42110
84265
72484
69700
75088
54807
43778
51419
80092
16773
84293
91219
82867
41890
75057
94940
30954
15998
51426
21412
55337
13632
33283
13720
19932
89534
83042
10945
26536
86518
89053
32566
82877
82841
21992
53882
49497
70091
48541
33926
43362
67513
48791
51250
68219
87222
55842
10881
96408
34301
58875
86649
33076
53242
29790
39319
20011
47116
60753
29921
46562
17030
57688
97639
41832
60885
66407
38174
17138
48216
34760
48945
90533
60824
99056
93653
77123
35927
45556
61180
55360
93892
64859
74155
27925
21232
49679
59162
62554
58381
91245
21515
46483
63520
78942
89683
16331
44044
58277
59584
47403
41783
88811
46365
34654
17727
47040
64147
50760
59087
75736
65206
45797
42889
72843
28984
40376
80137
61991
90448
27225
18368
56242
13640
31396
93389
56232
18681
83776
82059
91018
32113
83170
96113
93735
74343
47153
83247
25933
19073
57356
17907
50509
37842
17487
10099
90353
34119
53531
27488
54942
71245
32838
87741
90448
20463
22834
17910
67451
45365
16907
19233
51873
41013
79689
29296
14595
82499
67582
39099
23006
74658
72319
66956
94913
40079
31147
58236
10898
18740
71289
24811
16984
64878
35624
47436
83554
38038
26051
96553
58195
60426
44329
61792
88282
89176
42803
89876
88797
74249
16723
59488
54091
64917
70034
43251
48602
24818
50046
95242
25141
43304
58739
59753
66605
64042
54629
17755
37741
34037
99965
83219
14832
56413
28004
17003
76388
94347
66377
85169
53802
43447
45114
14096
18057
94703
25320
91828
52184
88363
88188
54380
10061
12241
80158
60508
71542
38569
17232
34268
71258
65607
84463
30381
43626
24390
45799
70139
75880
34704
13542
56114
76968
76328
98684
43520
96431
43233
73286
73644
10099
96814
66521
85989
76771
58395
20645
76369
76419
16127
39842
74201
80693
73604
61066
70756
60142
86415
45473
54524
30919
43059
57234
70096
79289
86263
26048
73828
55665
14809
37862
40824
99884
36252
22657
18981
29121
79613
90755
45940
69382
31797
48633
14099
35690
95961
97766
74201
88847
40358
34175
13098
34722
89084
83274
12865
93974
36320
35443
56732
19553
85124
64816
47193
10875
71942
21696
76137
38345
86386
52157
21546
84260
27842
18877
59525
92392
27179
98448
39259
92859
93313
17245
44143
32038
31982
48543
31992
74424
36566
79107
79100
56918
90830
23410
50309
58026
13359
76601
63539
59330
55494
25334
95326
49944
14027
27936
60710
35674
39767
39926
46245
52653
44897
74778
46857
90305
32291
82811
53431
76262
39655
78893
27948
38983
24254
12092
12692
55082
48425
39901
65285
90073
13025
38856
56302
37380
86176
16923
91157
60055
33885
83476
71492
92789
14082
15840
23508
11067
40350
86547
31225
63636
98240
21221
79311
73080
83227
84165
94134
58575
59109
32192
31802
95058
11256
48441
43568
69271
23978
76270
87422
66358
55846
45611
32573
56297
77530
45837
42766
92060
63071
86527
27591
70415
71837
98859
69076
83469
54905
27079
96336
97296
59260
47060
87204
74295
96628
47942
80544
12208
72704
50976
99089
68135
40440
92278
97981
32907
21444
73109
71452
66137
21336
19962
36245
18577
19970
84892
63980
49117
45023
18923
61460
82245
61377
32658
94262
48941
18564
78410
51812
28853
70405
11948
79548
68185
33340
17178
20059
51944
17044
23136
99912
14750
10253
24766
13964
15556
20855
90730
23648
31376
35335
28082
92027
30255
90279
38272
91940
98355
99347
51466
97085
99239
37398
15565
11158
26645
57286
75944
51501
67432
36564
79062
85483
68826
10281
24389
95914
53036
65869
11274
69134
61695
53190
25657
20318
49397
29704
92399
63519
16204
53172
18949
59107
32082
98159
79083
25323
66478
38418
78200
15146
73081
89923
53078
19826
70704
13383
11516
28389
62213
74517
32435
88149
67506
69055
34069
46568
16896
63488
92200
10899
54695
36788
92258
31920
19703
78946
54204
53011
59163
57570
71461
13585
51141
50432
19122
81090
64750
55882
80413
61746
40080
50687
17373
12635
98986
89613
45644
35854
36120
42437
20052
18666
15425
17495
43682
97911
74395
63974
54250
87570
39794
64315
82891
61761
88773
52643
58404
16997
77573
22815
34080
33418
33887
90693
26292
64282
34297
67897
52699
77203
43306
69524
19268
78781
44879
86085
65224
25529
74045
22078
55696
74955
60325
90292
84442
40570
68950
66562
85067
94381
64282
77054
63445
17489
90408
94896
46822
15098
72141
74665
40271
63365
65278
78838
98005
99144
40889
71800
67086
47670
27766
60055
31514
95674
99184
57956
40616
44830
45829
77368
42291
17858
33447
40880
68453
87528
71956
47693
14889
69145
49567
79245
16876
74861
42070
77177
69047
60462
67744
29943
55304
40684
85468
15890
53330
58691
73479
64524
91213
99283
23640
80714
18853
58689
94810
57722
40882
16759
65417
98966
72807
42656
15757
71393
99862
36712
67302
66955
44508
67416
23735
31578
65150
88196
72382
75614
67359
45655
29018
41110
13605
48454
70979
94329
87844
49872
21205
76770
35259
24822
47036
66941
72679
39485
71170
19084
28150
90180
95040
34277
62374
96641
60735
13437
64431
11836
71949
14327
86368
90643
67006
97282
97124
99934
62600
45687
81919
25554
81965
95039
37200
43614
20011
38818
58094
72473
77973
86639
25806
78265
39416
65078
89231
35072
76181
55928
66967
90447
41612
32504
10373
28193
30107
53900
73421
98305
12711
10216
19070
71066
14371
85924
73183
42395
67317
14653
77661
29342
18185
11882
74182
42733
31596
88739
55991
87278
90331
76079
18632
95375
95173
93764
27234
30849
34863
93091
94025
64597
22719
26539
98980
47133
32213
85766
77159
92261
51433
59158
51471
71197
63330
57972
91791
87193
54748
49760
77637
91110
38483
36526
49273
71936
31766
42613
36407
58193
76725
28022
78604
42822
60811
65429
23168
15517
77501
30858
58314
87007
12818
92417
90297
23646
20784
84999
42261
98453
18200
10365
99760
56932
67545
79779
13040
33743
80958
19744
10555
87515
13559
51647
15000
81663
40453
28092
35794
47700
85328
17889
73048
12357
15362
99433
34053
43379
93202
99783
54884
47717
86279
19566
41135
64724
79794
52537
17741
70918
33724
39770
54684
57700
99760
71186
18206
81839
42465
93303
28575
76012
29682
62097
52347
77470
80180
94934
89936
54149
24583
80893
81536
28118
38008
45181
35427
56888
78796
38634
94909
86332
69249
95207
16862
20552
36024
12708
34654
13162
72974
62316
14072
41969
51426
40637
60056
23960
85329
20229
43926
50588
81904
23328
53399
41293
25347
48480
42954
36962
92209
13569
75928
63083
67596
96142
64131
52914
84668
76473
69324
19349
27437
13696
22951
28686
87722
60751
65638
75897
77431
79394
27595
13093
47485
26097
25174
68149
31146
82411
94291
87920
34323
86788
61281
52418
11369
83266
29823
32882
80974
72099
37065
97861
97602
35406
27754
49109
14349
47661
55854
96200
24931
96634
99190
51155
25090
69782
73178
15649
87281
61000
21948
74545
21547
92445
98785
26702
43426
10811
82968
88617
19711
62919
35980
93404
56507
53276
52948
60759
60158
48271
32584
26589
43732
11312
40451
23721
70301
37149
46570
82627
87570
73599
63640
98067
26665
46201
33072
96682
58754
24649
46867
60499
88800
58674
43398
84166
89092
49218
16119
38245
91845
59410
92420
48214
28564
18782
69306
94383
96036
61348
39839
41740
50986
10401
54516
80076
97101
33468
55670
22614
14910
46808
68036
31835
68756
72120
10660
26390
81386
54781
99079
95764
11454
40248
99936
43534
64525
25683
62925
97791
22819
85077
39616
41039
31832
11459
80931
57228
13680
16529
57954
47998
55180
70967
67725
62248
45770
43881
53461
67124
44127
22854
60088
45470
24606
22271
30153
86426
94020
12115
44164
56531
75727
62628
93204
52484
45217
49559
38403
90897
42803
73811
70911
10574
64713
19929
87599
31840
89772
98051
86543
47668
58903
83515
16212
62478
68588
84310
73254
99574
37366
56572
84975
82479
79504
55691
66988
28012
99951
16322
10015
66001
22104
44879
43525
90844
17768
79873
87222
27344
81942
57029
53175
58800
30224
78102
28745
79570
78563
92672
78645
27744
75337
88617
83359
52942
71465
84575
30951
55901
90113
95972
29041
63320
48294
96640
75272
79646
53537
16646
11153
99737
65812
84833
64633
41479
34225
29090
64010
11227
56472
33976
46673
46752
76555
74647
75498
44400
74641
59182
48719
48901
64296
29633
53526
63262
47774
32910
50372
37753
97240
14092
94836
71101
51198
69571
45228
19046
73451
48648
46382
64534
98551
61714
83793
99152
50450
83736
26387
67869
39637
45618
18797
99252
30866
51557
73554
25017
71801
31015
29312
24495
57045
17368
95473
91292
38552
48551
14696
93985
67118
55027
62951
54702
78185
51996
29069
81346
92576
87689
12250
33358
51595
40851
15452
68156
81551
66932
11633
96964
55780
41830
39653
14180
37578
28158
29265
45738
64605
18411
97515
63534
61650
23271
20460
58228
15784
26482
89721
38960
61703
60084
27859
10387
77442
38394
19175
88184
58506
51252
92599
29732
84917
31023
75636
30232
43189
87659
21827
57962
43510
99382
88554
53692
90159
68158
87639
36480
86002
79574
93774
33167
23905
39668
51094
17539
54027
30174
83064
27178
96679
12881
10086
13749
51683
65099
10077
77780
94039
40476
29802
15570
47215
18749
72041
46762
16717
78587
93638
78226
91236
36881
91160
72021
18075
29893
55424
48593
39623
84113
57735
42799
21449
70904
50033
51537
78681
34639
20708
85630
75291
83455
58768
56431
81693
83720
15343
12005
97477
21772
45857
76217
10948
59052
84476
79437
10388
10025
18017
93466
32145
57449
67520
80416
48630
25316
21656
76338
47286
72521
93693
46662
45771
33102
77269
79674
22497
10252
66332
43825
81599
51431
34827
72863
85876
81494
73057
33002
74194
69845
93583
49731
69970
72934
34637
73145
30982
74097
42044
72500
40630
57310
54187
74090
46333
50740
88285
38094
46961
45750
42744
29706
97356
74310
52246
76516
53532
68228
66806
15711
56654
85059
16373
50281
11944
55295
12855
91940
11180
56310
31288
28531
44078
60571
58098
46131
37424
93756
71872
80436
83636
92712
17048
33867
24302
66673
73789
20645
37920
54193
84165
65821
59688
52368
61833
85585
56660
34794
83362
52774
50611
27261
44110
42771
89146
85162
99923
54930
60549
70907
28863
88552
58306
32428
31978
78127
87362
49411
78142
78308
39910
22818
11756
61319
26909
19867
77911
85399
92871
67855
52933
65073
22524
46728
52169
53640
68554
45964
86489
41901
37341
46997
86280
96633
43873
40062
14632
87700
25598
15439
85849
62449
55639
79065
73903
76369
72728
18764
32092
60070
52136
34007
52602
95106
61162
81102
63330
61991
16202
40478
59249
83114
15595
89542
46837
84959
39071
48087
87593
75402
82993
25395
99362
74297
79711
13412
31743
71844
72648
31823
35666
85916
23036
50790
64731
48990
16181
24626
56486
52686
52683
29792
56371
38625
40324
53879
56451
47440
98023
75381
27582
17877
95106
98708
60635
27095
58307
42272
97657
90208
49284
59623
87335
76033
60608
38813
15545
97670
52457
40407
84791
71780
64897
98519
92146
99364
46046
22245
72823
28651
71617
28720
56796
71166
50376
30698
61085
46342
84821
25240
14976
78081
93446
45443
80874
58148
88399
42565
35071
10922
94497
13237
58595
89283
42634
36870
35407
80329
10058
15843
32428
11512
70879
85729
65482
42500
11046
66927
31162
37417
91530
34257
89460
52317
95586
18395
75861
81723
77900
10800
80711
74177
80715
79098
35516
40587
91031
49188
38087
12689
84742
12693
26735
18804
84608
29059
45461
68959
12470
42605
98033
64559
85603
80287
53138
44637
57482
80828
88542
37131
40080
40610
12080
18338
70327
86616
45619
52587
47986
72421
83817
91553
57066
77655
38266
60013
29189
81779
72041
62088
56327
16372
32584
21589
69497
75597
59747
12522
82437
71502
52614
30077
99791
88832
59857
76722
44371
34579
89421
11977
51096
21620
91299
85150
30118
85612
45234
74955
90009
46630
61846
88093
43406
72530
74351
74049
62999
45275
21987
48488
93243
64053
12026
85413
33884
22979
40984
82610
44722
93388
93156
25658
33000
58759
31479
89108
37481
10745
36617
73147
82103
48346
49965
82608
13888
53619
77163
26620
72867
87975
97464
40589
75906
18527
71051
88696
51211
50417
87697
84883
99431
51961
61833
40996
96862
21764
49603
26907
68454
38176
57705
20985
63698
43472
27516
67706
99066
63416
72357
82353
80355
65519
20422
44805
48744
34431
59565
84181
90657
65497
46720
26549
88904
52416
90086
27554
83087
19738
35849
75445
52661
10326
56662
45034
73364
66378
86236
27525
70937
12886
56185
44530
93911
77168
27682
50687
90815
10862
56243
79501
54490
44003
38112
16578
97491
20129
39461
14703
47307
19924
73814
52800
74446
12744
53512
87684
85535
79976
93530
84814
34393
16664
65073
76249
81845
92017
65628
63739
66806
93061
44022
46311
36874
30246
60317
57087
52940
30126
61472
50200
46832
25001
25341
47538
13610
16557
68510
81214
61877
35505
32152
13985
73661
74817
14127
81612
44660
77577
93590
92928
21460
58055
93230
25554
10916
44637
46839
67343
94826
18450
59541
60334
94879
23275
97448
55909
66480
42130
54725
15444
93245
26538
95694
23823
44236
35636
51386
74022
83184
29108
13442
37924
57030
44432
41820
17233
40059
36186
33124
59849
79758
29812
29798
40599
64141
82127
21999
98657
45821
77227
52578
45558
79208
73700
73704
96296
82890
54558
16694
83518
25847
50509
20490
35958
63954
50895
52214
31777
50236
13114
49400
38841
52301
97906
60563
39962
61091
52846
58562
27404
19396
99831
31866
90378
40291
55601
41956
34901
58652
58067
54784
89166
33750
52515
20582
72516
18965
72990
22037
97739
13556
91237
93765
90018
69980
87152
64280
18866
46965
83964
53746
14730
99985
72914
49144
25669
38074
68302
92578
98459
15425
47034
54122
27872
42451
68872
44126
83330
57607
56405
21913
99502
92837
47960
29706
52753
94776
69444
93965
33484
87933
87303
25836
55433
16782
48564
79695
98361
99655
35348
59221
91081
48275
16830
60255
92997
15034
86912
87384
30116
37495
45057
36779
43864
40146
90770
94195
27877
81047
14229
49563
37570
17977
22679
16879
49604
92411
79893
10089
98754
17382
66171
53669
38198
86845
28769
84339
40501
77780
69016
30179
61255
54235
61262
69423
75022
48298
85147
67347
76360
77475
40191
37403
66447
73381
51975
18471
48823
26001
94982
77650
12795
78264
13347
31315
69267
12571
10078
63502
58642
71462
52929
35414
93713
97021
57566
13583
50503
18565
89163
16712
87877
85153
18057
37133
67089
46541
29399
55056
39737
89215
28274
77183
26412
36959
38799
40133
43705
19472
95120
51372
98182
21573
70107
11012
52537
65612
37721
82584
17918
29194
23247
15068
98578
23471
53238
78727
31778
24080
13756
84221
97969
74677
78805
10580
54703
43637
25325
24571
34563
76706
62817
54286
65492
37442
25100
44813
14836
26145
83807
28982
93340
46217
15928
97882
15472
88495
43618
74160
52292
96815
74954
71233
53385
55767
72311
52641
54193
32874
85176
62213
17254
90034
40100
28535
89086
92670
99229
37088
44997
99101
88772
42418
55617
21389
44810
22162
91622
67481
29394
45444
45463
82853
34694
74041
47721
23163
19302
86547
71417
11032
48554
51524
68881
13075
73740
72110
86650
36449
39319
72547
20954
89487
65163
97978
54516
59418
10152
37708
86408
74235
35775
13248
30845
81822
97956
22536
99035
98074
40612
81222
40377
54360
93663
45709
33954
47673
60596
59469
88042
27450
68228
38724
37124
10874
70931
39673
72133
41659
85002
34559
10890
68613
15014
40960
86001
57845
16185
64990
52067
96529
84276
81459
52850
98689
31057
43714
78654
24976
98108
24255
77070
80857
43660
92898
61202
97320
49892
43644
40347
44985
70865
92569
37813
27643
99573
40845
60203
52978
85209
35468
43346
53923
37782
53193
66260
91399
23005
14598
35660
16424
91596
83232
41158
75886
14222
96813
13800
53622
17646
77386
79058
48714
43226
56463
14249
82042
63802
44343
26661
70089
21861
43648
10681
61733
74945
93317
60836
19751
85926
51548
28186
74297
79170
74744
34466
43051
36462
43481
23858
76753
28435
84440
62522
94609
81125
73085
41150
98263
87651
87123
17826
34852
25405
56760
38155
98173
60433
61639
45499
77591
49049
34359
71709
75831
70195
18348
76995
44533
57378
67879
48611
30367
22878
33700
13912
30408
35373
96841
62291
88805
30971
17631
89881
75047
75717
61383
10492
56294
77558
71840
62410
21324
41647
57156
78865
76904
71979
63290
57921
70968
53762
47911
91795
53778
37901
22002
27583
36415
89501
17120
76232
94591
92671
30726
58845
27059
57827
39936
49262
47465
59521
14265
26651
15380
11709
29998
89342
72989
11540
16832
52365
76630
77647
59463
72374
86722
99257
31326
11457
51471
16725
87875
66770
15493
86665
85750
88481
43536
99961
65319
37998
53827
36859
25180
46849
75057
95366
22740
10735
60013
32493
22240
92281
79178
87027
45414
32774
62792
73426
79761
37110
56844
74603
13889
88410
87830
24068
47283
31891
61980
77839
16116
77563
45895
45408
62265
51431
33980
94662
91088
73938
70822
35277
15910
79902
77038
60226
96226
25642
56838
48978
90122
33556
81049
19993
32511
77115
63965
91463
17278
70434
59336
51977
30367
62606
51501
40799
37043
45193
13565
45703
85096
65327
17149
14801
78510
32281
12336
39757
61370
90463
78652
30166
42313
81531
53665
22461
90326
79321
50883
31718
16374
49599
86656
73300
83050
77119
71433
57061
65552
86889
43497
75493
49626
13751
36852
76413
12863
39317
81232
90553
41098
79845
97722
56891
76506
39390
34387
92373
21931
38408
78575
84123
45662
30792
84699
90747
86477
88349
76199
79455
51881
23165
69221
35453
75967
95781
42068
57140
56404
69565
20182
79463
81735
99480
18925
79272
54843
41023
54681
38665
61989
80791
69783
45774
47997
67812
14268
94871
28086
36992
41727
31558
59888
50820
39805
77083
46518
97434
58507
74766
60514
48044
77723
24581
29578
47093
27795
67927
87120
92292
46685
91070
47708
84018
16227
38978
53050
86882
96972
77468
50128
66493
88295
23508
15393
24453
34963
20841
16096
28872
60999
78997
35059
59973
23978
96529
86603
41296
59840
67833
86488
21675
15071
53311
17742
73303
87783
83017
42767
10181
98280
22297
54509
29141
52100
88699
45815
45367
58442
76992
72685
92212
16559
89852
11553
87588
52297
78024
53309
57513
69858
30627
45322
94088
67809
15574
67668
24305
20782
13399
47555
60204
30029
23821
93623
18380
43236
32222
42489
88252
86512
15526
89103
99531
24321
47657
48163
17182
37227
80164
77060
71141
69886
50599
96358
11088
27989
72715
63710
28130
64472
83862
83528
66614
11631
13071
14769
73716
31368
36178
12982
41302
60942
27945
38425
26183
96652
92433
26641
34587
63278
65039
56635
48061
66853
71429
53196
42929
84691
74040
19313
65488
20755
14892
80630
35900
46505
61279
78404
32017
56994
77345
93935
77258
19887
62322
30942
43512
99817
65852
61341
88014
58487
60280
93784
97533
23158
54896
60383
51837
44068
27746
97346
79678
58410
97903
14203
27491
35793
89789
64748
51640
30875
62047
59043
20396
89747
20161
59370
54752
37736
72167
94946
70154
26672
99581
36467
72679
26034
33922
60311
61097
80493
56446
88430
18867
60089
28491
34497
21113
84205
17465
87322
71859
63184
67548
26653
99555
21465
87466
25730
69041
84473
69309
57908
54226
68107
23720
88297
10463
41278
40463
41806
40466
44382
95617
81891
32458
96065
77039
29700
79490
61111
33878
34576
34949
24170
87922
80607
21360
90827
65001
74777
23565
61107
25616
53841
73952
59293
55048
49192
33572
56470
65141
79233
32949
12522
53255
73591
34333
29360
64880
47175
93829
76473
16812
25562
72880
67509
67117
54334
16134
90231
92893
27206
35174
34596
84636
81671
51170
99581
86477
10038
56146
31659
63863
10197
74675
87728
32654
19805
71710
97870
90456
86247
43818
57330
26541
45346
36281
48495
35223
18887
46029
26959
89066
48945
19771
93297
81903
64841
11382
94489
17012
67323
20363
24550
78687
89555
46826
69526
45600
84870
82683
42889
92373
45817
33029
88737
37056
10200
12882
17140
32225
47424
55005
87765
17745
26375
48822
57034
45966
99167
77397
10296
65460
88234
18051
24670
61618
40516
98629
39924
22548
69198
83794
84777
28739
41244
45845
47291
71439
11548
49033
64159
20695
85828
15875
61562
80009
96599
15630
34131
80385
68960
14649
46032
17450
58444
50913
69101
43520
47964
95438
60311
82917
62833
15346
52984
13118
20909
66414
11237
62676
36052
44879
55625
59331
78735
86495
76459
49044
96992
32889
72877
18514
53506
30471
29021
62209
62316
68404
22839
82083
82342
91230
75668
57986
49222
24727
95105
31742
22845
22390
68188
74958
81092
36968
99329
42204
94015
36703
19247
37753
58030
50329
38287
60118
30267
63060
72408
65832
26708
10805
81898
67451
72362
50077
97962
55180
84566
52272
56524
45124
90954
74842
29816
50307
48130
23897
89547
42352
72686
53445
86273
39905
54921
13868
80329
18926
22669
56161
64717
25275
36103
39936
98647
14092
96578
23706
79052
95908
34517
70480
95764
50486
75708
94393
90981
97103
78004
66732
74643
54447
60937
79355
38040
84476
88670
19525
26314
63263
11635
50138
48050
68594
72383
10646
21931
82287
52213
40478
19745
17574
50909
77340
82703
22965
12821
60852
77244
78136
52923
74383
94508
78737
42883
77935
72084
41797
27894
19500
98235
26753
16960
18726
44349
77520
51362
18911
65229
96125
21462
49571
70204
59891
89111
88494
39970
81926
30734
86518
48297
23997
78300
66931
11083
52552
75294
19497
11057
67068
32907
80312
81480
71440
16983
61442
46311
31793
39542
27364
90908
51072
47972
19994
53296
53950
11830
81903
72841
20695
73657
67414
80998
75714
48229
73073
41285
14678
51781
87644
59270
75055
44219
13918
88269
97467
51627
91102
58437
67820
84311
85803
81454
46192
23009
66274
50305
15745
36495
84810
36122
33903
75374
65020
14491
89020
43450
13792
14982
46010
46408
79263
10205
84672
24560
79272
96810
53288
21950
61416
48700
24410
95824
76134
84381
69814
27062
13588
33726
92508
90352
98588
93773
41316
24591
38647
23638
93389
61829
30135
78947
73014
72831
77983
82792
92547
35741
65882
79171
58982
73794
15018
17002
45760
25479
88476
55370
86716
52322
90478
65952
43677
29016
13534
65443
48967
55604
76505
72599
85438
59047
80321
55742
21940
18946
84335
27972
19328
97945
34335
48140
59165
61872
26169
45520
23407
47466
27736
70048
85333
47200
98276
81437
80186
98191
73881
48478
81470
80400
50654
22024
47964
82214
65255
14438
57959
26238
47991
64184
38139
51311
67010
49188
59584
88119
67533
16741
34945
11657
84645
20495
72979
69944
38319
39887
20236
19045
61482
51173
40030
40331
77921
38353
30474
11597
59909
19922
35920
75939
63427
25142
56309
20082
27539
35348
88577
18826
54397
80759
45207
68451
81106
47336
28323
86763
20284
13454
26761
73972
36059
42609
92371
31256
71558
68598
76172
94533
57280
96596
51508
46714
21589
87836
80308
33376
24109
41784
17348
73234
72530
65322
25496
64022
78702
90606
37452
74629
44140
36738
52722
71766
50509
30864
11163
44226
77171
35778
19066
38629
59743
68665
85394
32059
20238
75277
41844
21289
75313
13257
27199
52576
77121
79713
21412
24607
90849
81614
10994
18946
25472
99585
17007
12260
55475
42931
46941
62038
67075
92944
82664
42933
48004
44747
59992
29905
49668
40509
15721
89220
28451
86224
80542
97771
87968
90625
68507
93979
30612
84639
93984
54663
18113
29954
65253
27505
76211
17551
37374
76669
30735
97666
46354
23650
17897
76331
54947
71543
96478
65901
44448
15776
89019
35332
56092
89696
41380
90219
33762
66370
84956
77235
75622
46128
95889
64211
45876
25029
81106
81077
59031
77537
52627
34711
70909
73024
31722
45225
62688
58577
10068
65534
33881
98494
74263
89991
99010
66652
46643
80706
30244
31271
80815
15295
83319
14632
18655
31672
75296
69036
88678
64145
74412
70470
86571
61074
73595
32603
65068
94993
94292
92480
61405
72237
61704
27798
76251
62932
68011
31257
27534
20584
56801
26307
58908
28105
75078
75437
55454
56334
96045
67473
19549
26371
34746
14166
55050
32497
36727
99820
64905
76974
97178
79574
16892
61867
61832
65373
63231
24216
35891
65170
41291
66686
27645
71146
68538
99221
90945
50006
69690
86089
78142
69558
85031
86343
41364
33404
28838
30994
83374
97201
35320
33349
23434
62688
99056
64937
79327
17198
72872
75184
68928
99518
68294
53926
25843
82201
31428
79672
68336
81072
28851
75464
60980
82236
20866
45162
59301
71753
13453
23400
17228
53795
45358
66845
81442
48275
80997
18589
42361
90715
88258
25029
58085
11303
94520
84080
27774
25273
67642
36294
59756
24215
82177
62223
89639
88410
10869
72805
97631
74167
85615
43738
51356
93455
84692
91742
66819
53500
54957
89319
85961
34898
28720
78020
84735
58052
63936
93872
20452
12999
25011
68133
64240
37835
47137
41172
22400
20986
96042
31865
16720
49440
11382
36237
50760
50951
76242
31336
95292
96641
24103
77856
18165
62098
47432
55199
80745
19031
46663
86698
44384
50569
69495
86223
63510
89693
94857
96011
74761
63691
43446
24564
95571
13015
79344
57682
60085
73007
72051
18088
24129
75773
95056
72757
33858
98176
34467
65917
98901
93936
98585
56855
45797
47575
52449
47795
79482
47612
46758
20220
63370
66280
51428
58143
50460
49980
18363
93002
65282
43420
48394
34183
97894
65024
17437
36121
47641
45802
33880
38375
31692
41166
45862
25836
69881
11007
32560
79251
67370
12953
58401
53045
62107
68627
76978
98950
78395
92678
16603
82184
11173
87237
47985
18078
63086
44531
46517
78904
74550
48651
21079
50779
20162
97753
86369
18139
65450
36119
98893
39083
41695
58614
69699
11239
22695
26180
78627
62218
13995
41168
56966
17638
81737
57954
20836
83745
99028
72321
61895
22492
91587
84332
62423
84541
86657
69571
62080
19686
17566
25707
13726
95023
86114
27023
96055
84044
97889
23240
95827
47856
88057
20192
75234
14971
75897
63729
42324
36760
11808
88193
44048
91800
88340
53345
95422
74716
55333
79169
53524
36600
52692
59232
13506
29066
16451
99639
46145
95114
10897
60437
66440
58618
50309
99458
51809
60756
88576
19251
16502
19278
52400
20296
89742
37692
77976
50693
45246
14793
27286
96948
13885
18465
90366
87653
50655
40141
38645
50891
54902
40068
86176
66043
16252
54638
33902
33313
45939
58251
52226
42231
45331
71005
46487
82020
76096
69969
88613
23315
16759
43576
42169
19817
23573
99661
91369
72390
21313
10708
42899
12193
18693
15194
68344
75745
57574
80658
92926
98116
76629
11962
38412
61608
67135
84737
28951
13440
59299
71264
74133
43843
61680
74660
59455
83402
94812
14738
85530
77438
41124
49050
62856
99987
22796
65395
88209
52540
36956
69280
53290
98039
75717
42190
29798
90622
61380
92793
57397
12441
55078
31079
80879
49005
20186
80818
43671
48083
21017
89862
15524
42280
48823
38079
73508
29433
53590
52740
94635
16250
62721
38270
75287
84786
66208
88971
20578
99504
57453
57724
81761
75875
17145
99274
86321
31405
60664
59146
91002
24540
86627
41936
13126
79333
96024
93558
97147
79054
23644
80364
30711
78042
47603
27987
81372
91575
35306
90375
30435
15643
64844
52631
77130
55038
72318
13927
69973
60069
67683
84306
81513
62066
30904
12188
86024
64798
28232
61836
25483
14159
19588
17238
40471
41226
81493
89205
18996
39588
22369
90426
50120
15531
13429
33613
39244
54871
41154
48892
16977
53072
75822
10659
13369
34467
50031
66434
44052
66968
49304
80691
30184
16141
17223
25199
16600
11707
78189
79176
80590
61830
16060
54621
98635
22038
25428
87524
97816
24781
15909
96445
21945
66285
82147
18384
65416
31295
61978
52124
76799
57536
54772
31841
26020
89832
60757
22486
45816
55178
16649
80388
70920
24840
19243
57411
13247
87901
28837
85647
55229
88575
79106
16483
43258
18520
85936
71041
67119
69158
46947
17103
23022
99939
40529
68499
47572
15716
85672
48481
41180
65295
43815
94616
57830
35597
94432
44139
47564
75846
29189
51876
30778
43599
46840
90978
11084
31539
19876
64549
60955
59711
76931
60748
63420
69209
45651
87278
46951
26322
20055
24651
64151
99873
13536
42829
40662
35285
57735
26396
89902
85520
61428
27818
39084
62858
66366
10414
63724
35844
45600
77521
89609
25021
40267
27346
55822
12462
40617
70812
35149
20315
49938
20221
84618
34620
84080
81632
79612
74044
21190
90815
31029
30464
13097
98722
47298
37765
42126
47687
74139
87225
94269
72017
36570
58399
35456
20175
38674
18460
36173
42873
13989
74362
35247
23292
72667
41294
17374
12467
10154
49894
38002
50916
81018
69877
76582
71672
76840
73126
29659
39425
35733
37977
40993
72724
60572
22744
91289
27149
17647
11101
11825
31209
38411
71476
71587
83304
51055
96672
97201
13231
51949
29268
33481
24452
96903
64863
24585
23904
49271
39909
19796
31042
73397
76290
35882
26686
77955
77920
14293
91316
41569
73696
70196
82665
99914
83863
38586
46980
82687
65056
60322
34984
44556
47733
86340
34222
43443
41539
64045
60764
26762
29269
46975
17051
16866
61749
97644
37229
30446
90089
73608
58354
19011
58788
96470
34394
84026
18272
26982
27075
29889
41511
42295
82264
42695
53433
87368
88270
79922
86266
32879
93626
65623
52057
53690
48883
60782
50275
60442
57222
49436
12218
95373
48242
21781
32810
45692
50465
12625
91935
14747
51474
36002
87367
36210
29666
54872
82356
98314
57120
91086
17461
70977
16668
28652
65837
72670
32415
27481
91501
22434
50557
24071
50221
22483
24162
50744
36414
97593
12439
11453
95986
57769
37220
53813
33914
65657
22726
56059
97707
58289
98193
71142
21641
16172
31977
65772
12503
96602
70659
25503
71264
22522
74703
51831
38490
77611
67859
21527
58980
81633
88089
46977
17042
32262
18906
94802
32153
80466
34270
18756
74708
88408
83605
71708
50923
43148
85197
82642
13286
21672
13048
20507
43931
51082
86495
92764
19134
11739
19520
51508
86133
32727
74657
27329
30525
42185
50300
82874
33728
72589
85262
18847
84755
57436
93633
70489
17305
32530
86740
76004
60095
73049
46407
73247
63994
95045
83295
26837
50791
47237
92334
14590
27352
23464
79951
33848
56442
27435
16218
54434
99812
11968
19185
14263
71245
84981
81145
75529
46699
54398
46658
95020
98473
39165
27222
75875
23389
23749
81953
77894
29702
18706
96458
11545
48316
27565
62430
36719
43771
62215
43734
18763
23919
51191
23687
78640
90037
93134
76052
22345
35887
15412
50142
52552
31334
64838
64893
69609
75853
31385
72301
96996
33815
89627
61870
55149
93440
98647
29524
98198
36228
27802
44734
40243
16956
69581
75994
93571
93944
61477
30976
20511
24176
86768
46743
97267
86160
98705
23132
84881
59764
51313
92686
63703
52436
10793
33194
44612
91873
79166
33073
20541
52986
69819
57281
17359
15297
35400
30080
10104
98157
60665
70126
60568
63589
88192
65620
88763
59724
18339
33900
83255
19037
94245
10383
85021
59540
85891
99891
72141
14763
85570
39411
78535
49972
70853
54915
86890
65354
46759
22198
87121
87745
63871
66614
79234
21908
81483
44617
35158
64550
24932
73533
47382
49936
58559
22786
64495
23832
80485
14302
85444
13209
11551
32646
27187
79111
97185
95913
81760
17055
76355
59383
52694
52495
73918
45636
41652
62124
43958
19062
33882
76200
31921
54636
55364
98237
59258
38266
77578
25141
28843
89921
83717
98814
67360
63056
27905
16509
85680
69562
63637
83085
22067
55812
50612
97090
98142
93614
37621
77839
37894
80925
35250
74020
13857
73053
54907
42177
85432
62184
72225
15088
42331
37830
99070
74548
61657
25864
12529
40735
56831
25884
19428
51973
71015
32738
97056
85801
42769
56041
81213
43391
64931
46598
14150
82978
82922
17275
65536
45978
78593
71413
60975
56068
73093
37820
67354
74946
36026
71655
62211
40073
97550
77482
88327
88999
32302
72282
40834
10913
36689
99930
81551
85625
12763
48742
76419
70001
98899
88835
85614
92290
64731
31214
36814
30961
89583
63076
79497
58493
93142
71196
54566
17542
24833
65699
55596
27704
54750
83906
62794
19324
49433
15153
67959
67914
57192
97057
73850
54955
99526
60845
38699
69349
38349
50807
44221
50356
26009
54336
18435
19894
81922
35063
54771
92376
64643
63059
34883
11543
97989
10538
45589
86540
59392
84231
35797
29061
19766
36083
18060
23195
88865
70178
64633
36741
16003
23076
15229
95416
90075
46396
86584
74229
63449
46217
43526
46883
83050
18278
36241
77539
56315
85677
16837
55511
35859
61133
60462
74890
99234
61305
13506
62477
54201
95287
60835
65169
43614
55950
57778
46360
92740
54837
41642
30223
10673
29283
72716
82613
87315
21089
43902
19497
59332
56143
65857
70478
59733
21826
55575
62565
59486
84983
47143
11723
37413
33993
86373
76456
28128
50110
96002
68487
96505
23950
98845
72143
83242
65054
77733
38994
15699
68785
94070
63096
37116
59206
62961
77584
70574
60295
39518
67826
42470
26583
71268
77264
50883
72324
70809
83660
75537
92213
19485
48303
73549
93670
40946
48502
10710
30347
48001
84005
60186
40366
13753
34822
36915
93994
57294
43115
94599
49746
80568
82076
73268
77577
53613
51722
62439
15944
16036
77791
25522
66354
71226
32855
55983
97836
64679
13315
72669
66642
32209
54469
64031
58249
75801
89857
84543
64720
44983
35968
30261
26328
80744
28071
76753
33731
49793
64443
20861
31639
71630
35082
53484
11611
17256
19548
89396
41042
34511
69165
88017
26343
24845
77560
46398
16284
17270
31926
81482
84672
35044
65199
77356
75114
89163
54589
69951
50104
77521
50036
42352
65011
90485
37557
38637
16867
30840
35982
84508
94742
45124
50513
12906
50616
55581
47353
92849
36780
13102
27558
86687
63595
70466
35739
52919
24095
42325
92453
16182
42194
47969
77437
11173
71630
71340
71157
23205
76924
74388
28997
93546
52664
78118
93600
29290
69242
95908
16798
26912
36802
54221
45372
50222
24024
30297
37983
39830
24011
67225
35203
75931
61947
63269
21001
78328
67832
92854
13091
97423
42306
70529
96270
46417
31338
35003
75879
27480
32309
33642
75539
21164
89935
93676
68462
20865
43832
55286
40664
15574
12233
69585
27961
77584
22323
25625
30617
55254
36678
81996
29893
25876
96280
62658
32547
39226
91284
22806
59130
53837
93437
12056
42166
77265
45849
79556
49020
49672
37844
90660
82795
66666
61875
89551
91920
69863
20461
56899
84921
44858
49940
88227
16481
27953
42876
18056
81792
62133
90125
64607
16985
90935
76750
27876
58438
13087
53176
50590
97436
30313
55556
84976
29322
74041
78648
29219
62580
39924
89327
62080
29260
45499
75122
37950
92660
33114
67622
30291
42964
62149
51607
68101
83210
88095
87334
32306
44196
42679
40446
22147
72741
20036
78239
19000
58505
32830
93160
81079
89565
71047
24199
28224
15761
85867
36035
40595
71394
43132
86383
84025
28201
28337
69452
95129
16977
77446
79492
42913
34759
93853
47229
82547
90910
15556
79128
95187
32370
22386
39590
39465
52751
19787
89963
53823
79578
48767
66458
29907
19412
54878
94521
91883
21771
51709
29030
84366
32296
34671
51732
13529
95151
96180
73710
72709
27720
42717
46421
61189
94987
93858
23747
46025
27375
85402
11353
62801
40026
74184
80569
67877
64426
16584
79606
32262
31812
57113
93028
14468
70965
39740
12560
63170
36616
94805
92606
71957
66773
71692
48080
89844
98106
17680
20369
60288
71705
75647
52063
58193
93559
43496
70489
13956
33977
78020
92251
78757
53316
44252
39848
21061
66779
61900
64625
58964
57579
16642
57863
16103
12271
98796
89470
53975
59138
72292
65470
13468
16598
90419
98284
89976
39591
38182
99515
75694
19598
83713
66423
19687
72482
33731
43815
17975
80879
29477
99933
27698
43691
37068
80270
81351
26396
73626
65472
25214
77633
99579
60955
64897
19876
16237
95457
14651
86609
95758
96814
14924
13557
32213
69603
92211
39048
86371
75730
39845
70591
48312
86235
48052
39975
47948
11566
60184
10810
47010
12457
86139
49845
38733
60565
30630
84912
51800
63595
21808
51464
27587
24387
98052
36085
95426
80826
14909
98467
62833
36830
83077
96622
26661
67806
24718
54394
53469
14474
30277
31983
46771
27099
98632
94444
13017
11114
82242
12231
23111
92231
54641
45993
11912
54016
12086
46570
26609
15044
36240
38764
71429
42211
61794
18134
25709
65365
37329
49163
35266
47548
81234
17400
34807
20057
52658
64894
31129
47659
10852
48786
29976
52124
94169
58402
97111
67714
94310
43099
35991
34242
14003
13246
79902
94088
96982
11419
92970
94555
12664
64498
22533
13911
78168
33842
70882
12726
34378
55584
92710
79625
19760
89864
50738
56282
90885
86325
59370
36106
46298
56797
28311
69751
92804
46398
59362
76418
29435
90781
13841
45286
27464
49239
62005
17995
66754
81672
98664
33719
65040
79256
90136
56923
44531
96648
54568
80665
36630
71852
43573
66513
83315
60713
52025
46708
85331
66092
18484
26217
77907
32852
99654
62636
49050
27538
71576
75425
60090
23488
69275
79275
47321
46834
36300
81674
82624
92742
48239
70247
86429
42016
38832
59429
38067
43447
32760
19833
31759
44271
15366
34551
36263
44907
85239
35210
61609
22712
64056
17998
57849
67839
50589
41840
43234
29346
32107
28401
13018
78678
20666
20582
34455
35926
80145
15738
70074
86443
16944
92080
65315
26845
27551
61686
86882
33747
48379
53868
92774
51531
94942
47619
47264
77277
19949
69633
32056
29531
86994
23704
52702
65486
73370
60706
20108
38012
76986
31885
12900
59322
76215
75265
76732
74217
45686
37226
21861
58633
34134
50839
20143
10875
51828
42901
29958
25580
49663
41474
67582
45444
21146
75090
67167
20144
70907
13548
30611
82858
73803
11898
91938
18953
28627
22848
65273
32439
80090
35642
97067
67193
93112
75915
38797
32548
67253
36024
10569
15235
49024
35203
93810
83542
30348
16983
36183
27617
59730
75833
72886
57985
52716
72717
96852
53199
29624
22784
55873
39468
14471
55876
68677
43269
50857
48684
22003
78580
21038
18293
44372
28948
50631
86535
48147
88165
75737
29314
32326
79883
17002
74863
85299
27329
55403
19213
56986
59764
33865
54458
37892
66228
73087
62969
20108
76462
14349
29142
45313
47826
46518
49735
66951
29754
72631
62678
77183
24240
37757
62605
52846
99776
13604
92906
81619
59365
19246
61439
79639
38447
52931
71929
38336
55035
22109
74759
48712
82664
28618
46299
75277
75978
50117
93912
68594
82134
59429
12170
39245
26412
64541
59063
50062
22065
52708
58158
79081
86152
38933
40528
57835
70628
48732
65738
17271
10869
59784
96881
10670
11328
79236
45674
86761
95655
17702
76585
47482
33519
89432
86766
15451
35274
81637
88041
65124
74533
60885
79235
94527
10060
41199
92509
15813
17699
83508
12690
98924
69111
88257
41350
79325
12599
32562
82905
75531
81126
33219
39958
60303
88445
14491
35639
31140
26355
97572
33480
27531
16147
39312
32527
99153
66184
52144
42587
44934
59105
18093
39382
53949
90220
92472
58550
98019
63446
63409
78408
55839
46697
78543
98665
22382
89996
79532
97948
69899
29521
61959
77893
54400
87835
98511
77081
95205
18705
16029
68190
22618
96758
33589
52322
16951
65538
67691
88339
79480
75518
71007
76850
23991
38925
36019
15531
57905
30313
18580
94532
22384
74364
69410
45640
71612
80264
71920
55654
46697
49359
96449
38390
91693
35669
69441
28754
94324
85157
31538
93893
96988
52430
58848
13559
15077
91700
49479
97476
93293
76712
42777
82230
29597
46298
77767
64643
34198
74705
60908
50071
57693
68173
80746
58170
69635
97785
25151
23776
44870
15379
19069
39171
32583
55445
52073
60940
94069
51759
95198
60842
71900
34637
31414
90005
50900
14495
98057
90132
63638
20377
60494
16914
91055
10318
32712
55624
65856
24205
60835
95707
37423
42660
12953
33428
68810
46881
71779
36010
42724
62369
21032
57486
49095
60737
49464
15481
18537
21376
97784
95427
45968
80956
48211
86110
96569
49759
41218
14038
11122
67420
30859
51720
92204
41083
52302
15387
65047
91283
34340
28354
27608
90927
62843
42146
85868
67569
41699
41907
32264
46954
14778
88582
44182
80167
15777
58628
57271
53088
88997
47611
51422
72630
50106
13161
29796
63363
64383
69022
52863
96125
26595
58674
72550
24767
21329
44710
81444
71111
63963
54872
66644
47720
50801
64226
89754
62342
31833
25009
45746
86437
54928
84956
97610
60871
97959
42225
72998
37035
30509
71152
54026
94682
42947
84168
80843
19645
10475
47990
36441
92491
36094
84121
12248
60050
37722
10568
97374
12591
51087
53377
25856
74999
49078
16352
10895
17274
78309
86220
49574
18776
21902
79149
69496
70739
63232
28088
47935
39829
68008
62827
32804
30052
48555
97908
33110
28001
70997
75131
69643
15157
21861
97481
82339
59781
28475
71312
71300
44013
40873
23196
30639
28237
94067
14088
94662
70607
24997
29150
97361
46334
84955
51170
50189
73028
83847
26091
36358
18331
74601
88870
36364
12194
23080
15354
73628
28778
59184
56082
39722
46366
90984
43623
38413
69835
96808
92285
11462
41215
15017
73010
76771
24271
47159
19377
69181
71900
10272
52047
12113
93287
11073
39462
39242
15320
60627
14840
98581
65808
73407
21643
74525
94626
72975
16831
76163
44849
48616
56323
48225
84193
22738
11841
98633
78333
23824
51193
87967
30168
23124
41218
75653
36141
48931
70432
97164
54946
88761
11969
52685
81740
45487
46409
91604
37548
84151
41790
21134
17118
29609
20385
14394
82161
26393
99191
98698
25664
79093
42213
47350
46483
70611
33632
52739
11968
41125
59363
35325
79336
58365
37493
37008
19448
21392
18008
89070
18977
53612
81544
64603
57275
31945
55984
79182
37238
29973
77723
64756
53896
21845
91929
61391
76053
32158
26949
10975
65004
25220
13360
65424
98320
70620
14595
26406
63891
83569
63242
67618
81844
69509
75256
54621
91151
95865
40577
15709
52495
35465
16221
53038
32874
32232
70598
26544
16514
78275
97026
85454
97800
94374
85355
39142
77255
31551
17888
14804
17823
75865
68841
44209
60635
16572
87647
69113
14315
99573
37870
60464
37378
71591
83320
53787
20770
90666
53862
22228
85749
70326
43714
28223
21272
91187
10442
68759
60994
35139
90928
98025
94257
66491
11490
24964
97754
24627
73506
23137
87231
94259
24091
50257
18326
34136
63058
53964
82943
23722
79721
81211
26248
86856
12642
39582
82260
85641
68306
65882
53722
78076
31170
26317
76569
73853
39952
44296
94454
53963
34811
40659
66843
48832
40189
29098
71232
74133
12462
82717
12418
69700
83604
57398
98252
65473
33013
79454
57701
71292
90326
72470
43278
53024
33212
58944
45593
76655
70103
37126
79569
34108
44853
86490
42913
63163
82659
67902
19822
32560
95979
94581
90614
58619
45246
73898
92022
14330
42894
10806
43221
18836
92836
14724
32555
52740
46063
54403
13115
61636
27460
26518
84320
17137
76493
31607
55734
18147
51338
65507
68374
85403
48798
74580
61188
56759
94468
38175
42385
95780
66491
72784
80204
15754
94633
52989
11398
73245
62783
25179
97137
19294
80812
66021
13406
76914
32478
69357
57251
99410
17652
47446
86041
82618
22819
96821
44716
94279
93860
41974
38819
36345
23211
42264
46841
72188
62887
43875
67552
68353
57376
93019
58963
71075
50693
65717
23078
72370
56077
39489
96443
41159
75816
56599
40855
91164
48136
62051
19032
64087
89677
99068
15479
41167
36972
59888
60879
95805
33795
84975
74264
29565
10184
11593
18523
18090
17856
95155
86220
41291
27330
64526
38864
40367
78170
20764
80873
73653
75528
38508
60072
26352
48254
38687
48674
29894
96424
18598
78218
32732
65791
98782
89607
69560
50692
86145
21819
55339
91325
48990
45621
78339
30612
49982
66330
43951
51574
20900
98404
71716
68239
77311
41458
83079
28573
81718
24703
66860
42199
89366
85780
43378
94179
58776
30112
51046
10496
20015
44269
21413
22721
65523
77178
50774
79784
87992
23342
52563
43904
94236
72276
51354
64710
76405
86077
10313
96651
31147
87423
66535
97778
89419
11716
62482
61252
73383
82723
53071
80445
85543
68521
82242
94429
57522
42362
47687
83957
98208
19180
16453
47298
38853
44409
81602
67425
46023
80567
93051
40973
92936
91890
70413
81564
73479
79320
12732
57786
64391
77178
96699
67449
70848
60825
60123
37875
33656
23309
62434
74183
86342
97999
62881
28047
21062
56817
59865
39706
82075
76227
92043
76527
60178
98335
92723
31654
72222
85910
88820
98398
36626
37845
98766
87294
19162
39065
72044
79082
15337
33605
21119
90141
55406
98109
99375
83787
54756
75885
98045
64528
41589
79684
70204
86833
58073
31809
22129
31243
55765
13320
53866
27007
60696
90067
95813
42935
96367
87149
41135
88679
61860
28851
98269
75136
46424
32078
34157
57600
78419
39083
99499
22294
39759
41061
33638
14142
59930
34674
25703
68144
53794
72669
70388
24374
33545
25881
62736
50022
40511
69778
39578
92712
12164
35363
27766
28442
75249
75081
34832
25488
82764
73564
38613
20641
58240
74477
28476
10717
10529
71219
62861
58102
77539
80256
35997
44428
15988
39925
57432
93612
88094
29737
77446
86806
15102
20018
10882
52532
34191
68003
84258
63297
43222
21686
58019
89122
52329
89626
50371
80611
61891
61467
86566
60032
13894
15481
43259
81588
61543
15640
71516
75144
45907
79101
69487
78708
35004
63447
35589
70444
59989
89228
23501
77129
78749
30859
10981
61807
92661
48201
87135
62312
71537
36609
89144
95207
68211
26357
38678
44975
71413
47552
15162
63377
72842
82743
93128
98766
15195
52360
14522
27932
91408
79752
46554
44298
73568
44243
59589
41945
86711
65518
43996
10556
63566
74426
43993
52998
73037
97204
18754
49218
95826
46055
98509
45107
96938
50840
30647
95865
90937
84636
68597
46100
20240
47842
67667
95627
13033
82495
13973
37208
68529
49589
15263
20657
91624
86710
79195
44535
70838
31278
78975
87948
57241
81379
13269
79887
25577
75815
55375
19888
89742
27271
57750
46457
77549
40455
98765
51633
50507
49862
93419
33019
44792
56895
47310
77821
17075
62229
12889
49872
22481
42906
77868
87831
62081
43589
92107
78169
39392
35083
72153
13534
91678
41887
54576
68909
84108
40195
27784
32688
21417
56977
14645
40885
95115
51955
28629
60805
27639
40042
58479
42940
69594
23389
25961
61886
88185
52554
87699
65840
37883
57508
61589
50110
47817
12103
84784
85091
53922
33220
13962
27092
84112
60575
19135
56732
56278
92524
75313
56796
76907
85742
35542
56587
18759
11186
88063
34543
27872
22759
50062
56788
44384
37440
90298
44887
42720
72545
74445
93264
11600
40267
34252
78961
55094
58377
53939
10676
19770
26018
37543
32745
66490
18702
59581
90020
17569
10577
24443
59634
98631
87474
11711
63089
69917
37736
68071
25112
74638
27746
80226
30257
95366
26881
98872
79589
48075
93146
97305
20609
98978
67179
29455
17621
72016
30797
23830
57367
42199
93415
12512
48421
92403
50183
89282
96186
23125
47040
68232
49300
73488
16432
72262
92819
41277
83967
68132
51736
13201
67318
54127
98666
79155
68222
27275
62138
48238
37297
75646
53610
63201
23274
99149
12863
93777
23469
99699
42872
25570
89263
12170
93264
27580
65488
55209
69618
44045
26707
21022
91690
60616
23930
16733
99572
26533
67650
63352
76596
14964
46362
91860
65026
15545
23226
10805
54005
64903
73818
47851
17725
71691
17051
98248
73546
57836
57121
98648
38392
63704
45156
57751
51728
59457
61636
69049
38215
86041
19507
61435
84890
48452
81342
14106
13171
99548
98649
91091
82165
15591
14615
99573
36259
83018
20921
17443
93377
53420
72172
39901
68933
70961
80269
78189
56815
67774
71143
72440
64508
81505
93270
29064
49718
40171
12947
93271
56749
74565
63832
19804
77010
91971
36005
68589
53810
99758
79748
37348
94096
71890
59272
91740
61042
11979
38415
92773
37224
96425
93218
51860
70392
38134
59615
65341
81817
98318
53185
78778
89540
80203
81369
55117
87374
59280
80029
63917
97734
57205
15021
24841
40435
63056
10106
32474
74045
94688
29990
68833
67415
76245
69674
23763
74357
70742
39885
39202
94104
97775
60987
19454
25390
34854
87631
59469
36806
34017
58529
49846
15800
71642
28651
14653
36365
90155
28246
97879
56231
58899
19034
62493
60454
81774
73830
42802
33476
59339
12867
79570
25963
50191
41332
71737
77659
12989
11965
44129
60199
41348
87687
14897
26595
74337
79609
67567
83032
55380
27491
47591
53698
65248
62075
22464
50808
77802
51094
53247
94039
85197
41899
16176
68356
66227
38198
63021
98539
34244
75830
93137
56277
93439
74878
87571
73450
19488
67851
68061
78819
58361
27706
76179
29783
89473
52157
83493
99961
27356
10609
44351
88108
96783
97776
99587
83451
74780
42661
78319
23656
23223
81897
41097
84475
82192
17367
29701
14596
82324
48689
30184
95710
42138
23684
72355
49790
74879
30751
91146
68676
85951
47857
68945
36807
53894
26439
90828
37339
14568
39556
51424
95321
92940
67998
89971
67968
34795
39171
66308
28847
42863
50729
45978
62534
47258
90464
53211
11160
37266
43588
54221
88095
97169
55599
81988
90460
97496
59666
47246
98653
88607
84884
75557
16398
24651
89228
79936
81691
68995
54081
56862
27722
61799
42521
74489
49597
20527
91767
89823
82149
85190
40433
49758
13185
29518
17249
56254
92629
20311
49111
78608
55852
30197
48491
48548
17946
78702
52581
96430
10138
97569
88584
31344
17668
22243
13271
12311
87613
28166
44432
77626
81116
60955
26807
42208
99251
51915
70650
61438
52901
62646
36141
59990
55704
28833
52086
47707
62793
39420
23157
80820
38956
46716
16561
65742
67416
22075
47534
58953
69872
77372
30740
41172
45747
13875
42163
97915
71030
23264
93701
33330
27871
60608
18103
65325
49739
20243
37671
78021
85598
22543
68323
12383
10244
48078
70861
60826
31901
48883
99827
98837
73766
82919
24923
59335
29158
13648
34663
87469
57445
25239
40619
99425
48673
71127
89752
77846
60812
81623
82138
94796
93418
90966
68229
28021
76321
46950
94209
83846
87743
17058
63553
55849
84802
65370
62979
44760
12826
46484
53993
96219
35617
71545
69256
41747
18479
11810
38039
54603
31805
71090
39867
68870
48123
39040
73522
12152
79870
77337
68005
84793
25138
64909
52672
86573
10229
34502
79944
85436
81755
38002
27558
20470
72631
67807
45889
74232
66632
49072
80614
94937
98734
50204
51574
75407
93006
50895
92865
63730
63538
34823
76276
22235
20378
87531
65287
43493
77214
81269
64524
76680
48965
27081
72971
42642
95981
53224
23910
34911
27258
44100
84091
33899
58547
39285
57304
46123
40597
55238
88626
17871
32935
47290
61515
61427
59718
67367
46512
64386
48005
31650
91150
66557
74058
98243
97338
23435
35147
75151
76261
76460
63160
61082
42028
76390
62145
14093
37466
98446
31443
96066
91613
11972
34128
26810
49301
39353
26904
79392
88480
89545
74108
23646
46456
27699
88708
90914
16979
65249
22662
30334
41556
91107
26027
69057
20420
86749
83347
69288
25190
43671
85901
84909
41905
69035
73254
76072
56394
40214
69097
22551
81620
36631
30359
23342
20555
65075
94814
11201
70812
28222
21190
42013
24968
28476
40421
70272
21699
92176
38236
66940
14217
98086
66986
54771
46014
17532
11737
13955
52935
35168
70623
48948
48156
60855
56241
99364
97795
85064
58512
70336
66148
21649
35259
68879
50189
83228
89267
86217
79097
83563
74806
18304
19591
92775
51857
68931
11225
67803
47439
64096
13842
94125
60455
66830
12869
38721
15768
92976
81398
43671
61145
17107
17953
84668
73125
51478
85615
88946
14674
98156
64979
16062
59115
62008
53762
14941
81305
14132
62722
64151
42037
67941
93058
82544
62112
21598
16790
67935
38751
68735
31747
66478
34241
27216
53584
92764
92366
12534
86979
14696
32981
56636
91795
72635
13007
12360
83784
63801
93680
14397
15517
38432
36479
48342
16370
98091
74994
55311
25645
80200
78180
65903
32392
74001
71291
68492
68722
38525
35022
49227
69585
57967
39323
27757
28801
98626
26969
60742
92303
44561
95216
58277
99785
62924
55291
10529
26787
89675
33511
26890
75675
61103
33861
82310
87188
75038
36878
97155
77336
75544
90023
84019
63172
90958
56889
98054
60103
72652
17264
56300
85349
33875
46710
57541
36703
59004
39729
97436
26155
50392
73362
14457
16411
14058
56914
28561
86235
48756
51258
85373
47712
79038
31838
39981
27577
86344
68481
40895
37665
29853
90763
37366
82898
91281
85489
24774
39523
14773
87612
88950
71728
59135
51607
77610
21467
83765
59195
35148
91235
90906
11527
53656
89030
33802
12414
44764
77934
60617
15176
66434
46629
64929
28539
19748
31230
77658
92052
45505
95561
12067
58737
26154
52560
91809
39443
35871
41262
72227
26305
61883
91421
59100
85779
52234
50370
30754
81082
12060
33119
90230
31945
29876
83607
92731
25164
50968
72490
39643
79676
83027
59069
86727
36072
16685
12965
21449
29902
63500
33697
95931
90040
10136
69172
17096
33401
31971
38222
37346
49844
33426
68515
85781
53746
52038
47974
16466
28109
61417
63728
11315
13791
69070
76704
89043
69537
95245
40007
46786
36102
88338
28665
16819
98568
24474
41834
72414
69234
20753
15863
40387
49059
50558
29051
56973
68763
39826
24450
80261
32783
76868
45408
88146
80494
40708
63024
97510
82412
11708
16130
74696
44618
99147
63953
16361
83066
59124
94456
33988
37089
33161
87656
94199
78984
94743
10154
77255
22225
13790
38046
58162
33726
10442
53427
90520
54532
32223
49278
10970
47373
19027
72371
68889
57589
74464
25707
47238
98930
66626
95858
32124
29299
15257
68369
81483
80195
69072
27704
19066
63821
63269
85432
18853
77070
27599
10740
19383
57909
97182
71980
49318
35883
23503
40312
58139
33598
37894
78938
67485
38469
31053
82583
84068
57754
96471
20194
11852
29957
46909
28451
66592
68476
44231
99430
78822
33727
38725
28354
33156
51867
34817
76502
25139
99615
23731
84956
13972
72693
43106
37511
16993
47497
56489
16494
47060
76110
26389
15035
52669
88541
57824
12096
90025
29422
59941
98906
88838
72278
45211
44252
25424
51149
12583
16446
21421
37918
91146
34532
86332
61992
68141
55412
17210
98905
36911
28181
50699
30410
45897
60502
28041
68992
23837
46139
91744
38983
95986
57393
60119
92816
41779
98661
72351
88469
11544
81521
91967
71425
35071
81809
59230
64236
87169
43824
13709
59185
37186
87175
54303
89498
47081
42395
49911
43133
85357
77992
99074
82762
84213
50486
24167
78214
40121
38187
39643
96062
86329
69326
36162
51610
81509
71513
31234
85298
41995
45127
40536
66950
71215
44456
98021
10655
76248
37017
66748
77549
36909
58160
32344
84387
15923
84618
98997
46255
73337
88719
25350
35241
35535
62975
42920
15039
51502
89085
74510
55720
69408
63155
32608
34441
40255
34781
26445
22571
51880
32966
40957
71336
98338
65188
45730
47635
93125
72496
81557
25656
76945
12568
83580
82212
14093
83982
29620
19393
26328
61118
29660
64956
50834
34840
70114
62792
81057
43269
68435
58663
46411
41274
14780
50678
20746
54000
44724
75670
52777
23050
64541
63046
73852
86350
42833
17934
69934
79619
18557
17665
88538
27277
78897
55419
87212
81020
59354
68240
89552
96734
61790
50681
94089
56005
66862
11120
75922
48323
23375
94706
26264
33343
88232
64495
28060
86899
49482
48991
22267
50930
70583
92645
26321
53987
58477
62259
41054
95501
36523
81976
14029
15749
10615
71047
80821
69274
33739
38046
51293
57320
33861
20658
48775
51930
75640
40447
10759
78228
10378
38377
45427
33026
51801
52946
30440
53332
26095
66706
93074
30794
46549
57355
76922
16712
93825
17877
99410
17467
39954
91313
16773
94216
71199
50285
90183
71707
12683
67422
87381
41068
67206
52141
37651
30533
61420
65676
89862
32182
90158
44944
41265
64419
37722
27545
13439
42632
62306
24638
52519
47451
45117
58916
41969
85026
30072
15850
78493
45237
51342
33325
65096
78147
64313
19919
44686
73362
80198
37551
82462
74785
86669
61377
31838
11985
65027
63493
49828
34421
88929
34599
76173
98419
61336
46695
82616
46273
73932
33569
26865
37992
75862
92339
88773
34704
79389
65450
92607
44519
27421
97680
88914
97613
76603
69802
96763
14539
60712
12082
81208
66242
85159
14648
86280
75697
86203
10176
14248
42452
94422
50290
46342
29538
46454
98374
31140
63820
47021
58518
87921
19646
53712
36310
18344
63937
37636
33279
45911
55682
62970
38690
51341
82559
79302
77502
99195
45784
51763
18736
45745
45314
70113
59301
31143
36506
94669
14807
36293
96070
60676
72449
99115
87699
42347
92694
99337
62950
79743
98701
11648
84532
17923
86153
14102
70895
42886
31090
25506
41103
59790
77887
41346
23462
67186
85404
14698
76829
12041
45832
60746
80429
28066
22270
21504
55903
67258
49959
89178
79879
52577
16294
56709
22410
78426
32221
21312
43843
99898
67033
99169
97037
64957
54947
57398
22824
52623
89001
93300
78650
34607
26444
37326
99500
69412
99433
65556
99809
24779
36815
50402
66140
16007
82950
44017
92973
93055
77970
29567
17046
23436
79457
19627
23812
68960
36546
44185
40678
27636
65100
50757
67428
78951
78549
45434
68215
88918
57652
21996
57845
86541
73810
71135
78895
35919
22733
55674
62071
23956
62641
11835
40912
26530
84058
83394
91721
38718
43961
16961
28719
89079
82609
30470
79319
90273
80035
47501
80299
63641
71394
83325
44130
97957
66241
57522
29896
77696
23534
12809
28339
49008
80839
37256
73598
74330
39855
81234
98796
43832
83901
51350
98012
66434
26918
60830
65566
28137
32562
98475
68583
39535
79365
70780
37773
47095
96246
19438
14010
69841
55958
53085
99366
75209
27443
20736
30052
40772
86295
24716
57512
45200
46801
80850
92023
30475
61777
12568
21801
95479
