24871
11321
78202
17498
50596
75106
27471
96217
58830
22495
62374
19069
58140
34958
97440
77538
30898
12317
90879
68592
96069
68741
93381
26343
86905
49365
91453
97116
58273
67495
30401
39823
79580
51426
60125
90931
91189
34099
27122
93879
18115
53896
14277
93546
36450
28831
21339
46282
49825
71674
40924
48898
79567
57501
35239
62829
97651
43430
50931
14927
37779
92894
30672
52734
56755
72456
96066
66411
36648
57361
91060
45918
30340
63094
55789
84238
28418
69881
45647
58584
41557
78610
54203
56999
53838
53099
20878
28739
10053
94528
83034
58600
45666
66022
17733
59653
42441
50176
83047
43421
22726
23202
96261
33954
47783
79532
81612
94910
19871
68267
53303
85899
66509
97920
89109
78218
28741
55252
80850
77337
52157
14891
89523
24841
68284
55927
20678
30299
91994
29517
73799
99474
11654
73647
61343
22856
79358
65441
30262
23986
67575
24606
77006
78397
35657
24728
36400
68668
38701
15813
80494
77818
18116
78539
15154
13129
51095
56304
19624
88533
70479
75582
49055
29332
25211
67063
57716
86215
43926
40834
48018
87962
85935
98399
23728
26536
81770
15372
34707
21530
91768
72130
74896
26921
58821
54804
67460
31151
86165
13813
13494
74386
11837
24361
33998
71591
34188
91967
88348
95431
80823
32904
68663
66608
21092
61876
55941
12945
78488
59347
18143
14810
87798
43567
64286
41525
56160
62320
12089
71857
64361
57188
94717
71162
50947
22423
49902
89556
97378
42905
22642
39469
48174
52443
18002
42538
41773
83069
27671
61143
74334
37011
56583
50647
86553
55331
12421
21891
56282
62095
66344
93464
52757
47871
69573
77601
95931
69786
10703
24878
64226
59566
14050
11332
22239
38071
24263
56716
83933
48959
39195
84540
25720
78987
35617
47288
47265
48900
89441
55925
23934
53755
83862
18891
25545
18334
30889
97172
46814
65781
11231
40781
36238
85302
97101
20576
47060
44787
59049
31048
39750
87226
81116
68056
53081
85127
12750
51537
72474
52630
25947
75945
93040
21350
90984
30800
15055
88164
74418
53245
61573
90097
33999
49235
29237
32477
24885
53232
43005
17880
62690
23311
94120
35075
18285
73238
69791
99746
59638
40727
42968
60086
32741
12614
90130
33425
98008
49441
88338
19930
34352
66054
94476
10055
33642
73663
83781
77754
40077
27421
69663
26717
33958
41366
13882
90769
92877
67787
64271
30935
79174
66051
62753
46202
25221
53111
25906
14268
84441
51747
41775
43074
35188
29268
70889
25237
55091
89221
68932
70852
36911
54735
97999
18768
27058
97803
20893
78041
40712
44564
49679
77164
15930
57512
67118
68520
84926
51999
46255
16144
99377
55001
28119
49286
71570
10780
96016
95913
59983
95450
36716
53849
87008
71583
19858
81790
74901
27680
75978
19572
71004
65250
48965
89191
57553
31092
34682
84217
73024
46762
91570
30582
29989
88968
76835
41988
74881
89894
76261
57862
27810
35872
28496
79322
74511
25456
91726
61475
43543
46251
22834
11181
94057
46611
64820
66158
99939
58434
72987
63683
93242
70047
33208
16791
34800
96993
65839
13732
25907
95751
77326
33163
77993
25299
96205
89368
72605
14628
46295
43978
81644
46730
97711
26260
29873
22296
77378
39144
53326
28295
54306
40486
73600
70035
25610
21682
51941
56647
88996
94927
47770
71145
31113
36571
30363
10960
69471
13032
49139
78048
69219
62594
44235
71591
97315
72342
42731
80088
25853
81900
51249
66215
26524
94732
17220
51317
44721
20391
30771
70074
58967
48788
57911
60100
60627
43617
60977
73130
98502
28252
35021
18473
94978
69301
23316
65103
72094
98742
19876
40759
87644
48332
71557
70237
96057
23999
12774
65632
44742
43505
96409
73863
62810
99600
51943
72776
55919
15449
14622
32364
42802
62713
23519
26321
93533
88451
20536
65250
86910
44732
68601
47564
64666
88947
45219
40360
24372
23274
13390
47140
70876
44171
89085
20155
83335
72784
48220
13021
30038
22484
88778
99385
67702
48614
56454
33114
11086
80370
68759
26761
57368
77636
20541
66984
79431
30625
47387
62717
62702
84331
11788
91436
64599
99803
80273
36345
23346
16387
88021
70474
30436
15653
89898
81942
20103
56478
31563
60738
59905
13103
67950
86127
71009
53382
92079
93949
76866
31957
27214
48685
79895
19731
43424
42160
78854
51135
90697
94379
11395
84270
11013
54692
53583
77190
94623
37256
81970
51340
22049
62245
76196
33020
61178
77498
56166
18274
18029
53393
18099
22022
75336
17336
37420
70529
20914
12059
36217
93907
92550
80923
80910
49314
20995
87657
65912
48386
97316
65363
56821
80229
50772
10664
93985
21384
93037
50444
91346
36796
18504
59466
54307
78903
52218
79598
81276
46287
59881
54301
73920
89109
64436
59326
52858
88324
76809
36069
59346
30964
76423
22955
10540
19184
80049
40104
72623
92940
92856
57301
43645
71652
70066
66981
23950
76222
34363
37970
65733
56799
38184
63269
81099
60952
72364
18215
66468
17844
40694
87994
64337
50935
11690
40814
56648
45687
78809
43484
64901
71984
28535
54233
12892
66691
87236
72956
51146
24580
99632
99372
23911
75983
79508
27003
61660
72274
22803
27163
45550
55577
55421
67246
26554
85129
24844
53839
82777
81797
30714
76624
70024
66265
76390
38291
55283
36348
48596
16182
11714
39310
41485
58829
53256
91767
83980
75567
64192
18539
68414
68637
42691
19024
94214
44453
48366
42822
78044
30413
76003
45937
36535
78104
78172
15461
83990
81834
19577
86727
82128
75173
33038
11067
28998
25541
12114
53530
81168
52972
14326
78952
97230
64989
59322
55058
72823
31633
68564
85692
58354
54110
30751
91361
88174
28730
94143
41521
83372
89986
57794
24607
38885
26564
79037
77410
15558
81461
36329
52126
16431
42213
59884
54935
57961
94423
89876
17985
24026
10174
11254
14549
34716
22899
93312
78718
23097
32234
10602
57957
93286
48252
53641
89723
32021
28759
24695
23256
75027
65073
95642
71004
78227
55669
72439
14211
40579
73273
72088
43201
28519
78891
18413
54436
64797
63294
50196
76878
38272
17989
82953
67898
25999
92319
67663
38779
62375
13138
30061
32303
86555
70422
17150
43021
95853
30576
14192
80259
93440
40682
96240
64691
19455
41232
92721
67787
85310
15195
65316
95654
73058
90163
76883
68726
95962
41892
35354
42696
21996
99457
16507
76634
79389
70462
45706
67723
97044
72231
83018
68772
81699
20981
36603
94033
64005
57391
96377
74594
46833
19165
99134
15543
35359
53483
