99999
99997
99990
99977
99970
99950
99938
99935
99928
99903
99899
99884
99877
99874
99873
99860
99825
99823
99823
99818
99800
99794
99786
99783
99776
99774
99770
99770
99730
99724
99716
99702
99701
99699
99695
99684
99681
99680
99678
99676
99668
99667
99650
99630
99601
99597
99578
99575
99568
99547
99542
99525
99513
99475
99472
99455
99423
99381
99377
99337
99334
99329
99317
99317
99312
99310
99304
99302
99299
99298
99297
99290
99286
99284
99277
99270
99252
99251
99245
99243
99239
99227
99217
99201
99193
99189
99174
99163
99158
99154
99148
99145
99133
99130
99114
99108
99074
99072
99064
99042
99029
99020
99016
99003
98989
98987
98978
98974
98971
98945
98941
98936
98927
98916
98908
98842
98819
98801
98783
98771
98769
98767
98750
98744
98742
98742
98737
98733
98719
98706
98691
98686
98683
98678
98642
98640
98630
98625
98624
98610
98590
98559
98549
98543
98524
98517
98516
98515
98503
98502
98500
98495
98494
98483
98480
98428
98403
98399
98388
98381
98376
98355
98345
98334
98326
98321
98315
98299
98295
98292
98246
98243
98235
98229
98226
98225
98225
98214
98211
98203
98187
98183
98155
98149
98149
98128
98127
98125
98122
98116
98099
98093
98083
98081
98067
98067
98062
98048
98029
98028
98016
98014
98012
98000
97989
97976
97976
97957
97950
97905
97901
97899
97892
97876
97849
97822
97813
97810
97794
97791
97781
97769
97764
97756
97756
97746
97734
97714
97706
97685
97652
97651
97650
97643
97578
97577
97575
97568
97559
97536
97520
97503
97486
97484
97481
97474
97462
97422
97422
97408
97395
97379
97379
97365
97353
97349
97305
97278
97257
97254
97253
97232
97231
97211
97201
97196
97189
97177
97167
97135
97120
97097
97088
97085
97084
97075
97074
97073
97069
97061
97057
97042
97040
97037
97002
96997
96993
96970
96948
96948
96940
96940
96940
96919
96919
96912
96910
96905
96893
96860
96846
96844
96840
96835
96834
96826
96823
96820
96812
96811
96798
96791
96764
96754
96751
96734
96729
96728
96721
96711
96704
96703
96699
96698
96689
96688
96676
96673
96669
96667
96661
96653
96621
96620
96602
96599
96589
96582
96573
96562
96545
96541
96540
96519
96512
96511
96503
96501
96491
96485
96482
96462
96455
96445
96423
96418
96413
96329
96328
96306
96304
96299
96298
96295
96282
96259
96250
96250
96248
96230
96211
96199
96192
96186
96180
96180
96174
96165
96159
96150
96128
96082
96068
96064
96050
96049
96044
96043
96038
96035
96030
96021
95992
95991
95989
95979
95970
95948
95943
95940
95919
95911
95907
95906
95899
95894
95891
95884
95882
95872
95865
95863
95856
95852
95850
95814
95802
95780
95774
95768
95753
95738
95735
95725
95723
95714
95706
95645
95641
95624
95624
95623
95622
95620
95616
95607
95585
95580
95571
95569
95553
95553
95547
95535
95531
95522
95514
95513
95501
95462
95454
95451
95451
95449
95420
95416
95408
95395
95385
95370
95369
95363
95360
95352
95350
95338
95286
95286
95281
95271
95238
95229
95207
95206
95205
95173
95166
95150
95145
95137
95118
95118
95116
95113
95108
95097
95069
95069
95066
95065
95063
95033
95023
95011
95007
95002
94988
94973
94972
94970
94969
94956
94948
94935
94933
94927
94914
94912
94908
94897
94888
94885
94861
94860
94859
94857
94837
94826
94815
94813
94812
94809
94783
94753
94752
94748
94742
94733
94730
94728
94722
94698
94698
94689
94687
94686
94656
94648
94633
94628
94626
94614
94607
94597
94580
94557
94547
94535
94535
94531
94509
94501
94501
94498
94488
94484
94483
94429
94427
94422
94411
94400
94391
94381
94375
94356
94350
94330
94315
94313
94305
94295
94267
94261
94259
94235
94191
94181
94159
94132
94132
94132
94130
94108
94095
94087
94065
94063
94057
94057
94040
94025
94024
94024
94015
94008
94000
93980
93970
93952
93870
93861
93860
93851
93842
93838
93830
93808
93804
93801
93796
93794
93792
93788
93779
93775
93736
93724
93723
93719
93691
93661
93657
93649
93632
93627
93618
93613
93592
93586
93579
93575
93538
93492
93445
93416
93404
93363
93358
93353
93347
93340
93336
93316
93298
93279
93264
93249
93231
93221
93219
93211
93175
93166
93135
93129
93128
93114
93107
93106
93098
93091
93074
93058
93045
93040
93039
93028
93018
93012
93007
93002
92992
92986
92973
92967
92965
92957
92942
92940
92939
92935
92933
92918
92918
92910
92902
92901
92900
92891
92886
92883
92878
92873
92848
92832
92831
92819
92807
92806
92788
92787
92770
92768
92756
92754
92721
92720
92714
92694
92690
92680
92679
92659
92644
92637
92629
92588
92578
92570
92560
92560
92543
92542
92541
92526
92515
92509
92495
92475
92462
92450
92438
92418
92415
92415
92410
92385
92381
92360
92360
92358
92345
92340
92331
92309
92301
92298
92295
92275
92273
92273
92273
92272
92250
92242
92222
92215
92189
92163
92160
92129
92123
92102
92084
92067
92039
92029
92025
92022
92010
92009
91982
91967
91956
91953
91943
91923
91923
91922
91921
91904
91903
91884
91855
91847
91834
91809
91801
91784
91781
91757
91754
91753
91749
91716
91715
91693
91684
91683
91683
91670
91669
91660
91655
91654
91595
91581
91547
91536
91527
91499
91493
91490
91487
91486
91476
91457
91451
91434
91432
91432
91394
91392
91381
91378
91373
91363
91354
91350
91342
91334
91330
91291
91291
91276
91275
91260
91249
91240
91240
91235
91228
91224
91216
91210
91208
91208
91205
91202
91172
91158
91132
91125
91115
91107
91097
91094
91069
91067
91052
91044
91031
91012
90981
90978
90953
90952
90931
90927
90912
90906
90904
90902
90899
90897
90888
90886
90874
90859
90843
90813
90805
90800
90798
90797
90795
90776
90773
90771
90758
90729
90721
90709
90680
90662
90638
90619
90618
90604
90599
90597
90586
90573
90572
90571
90553
90553
90552
90551
90546
90544
90543
90535
90533
90518
90499
90485
90476
90471
90452
90425
90415
90398
90384
90382
90378
90375
90367
90351
90346
90344
90341
90333
90329
90326
90323
90311
90284
90274
90272
90230
90225
90220
90187
90176
90175
90172
90167
90157
90155
90138
90137
90125
90123
90114
90109
90083
90081
90032
90030
90017
90007
89992
89980
89970
89968
89947
89935
89934
89920
89919
89915
89911
89903
89878
89851
89830
89824
89824
89811
89809
89808
89806
89802
89799
89784
89769
89761
89753
89706
89700
89683
89669
89665
89639
89611
89609
89605
89603
89601
89583
89545
89535
89534
89533
89515
89512
89511
89505
89471
89464
89456
89455
89430
89421
89414
89405
89394
89389
89373
89340
89325
89318
89315
89314
89312
89307
89306
89299
89297
89294
89282
89261
89257
89240
89223
89214
89214
89212
89211
89189
89157
89153
89152
89140
89126
89108
89107
89094
89077
89071
89070
89066
89052
89046
89007
89000
88990
88988
88970
88967
88948
88942
88942
88910
88902
88899
88886
88881
88849
88847
88843
88815
88813
88793
88792
88786
88785
88778
88774
88756
88739
88729
88728
88726
88716
88704
88703
88693
88678
88671
88662
88636
88631
88623
88593
88593
88591
88582
88575
88571
88556
88555
88548
88547
88537
88501
88477
88476
88475
88473
88471
88467
88441
88426
88417
88416
88380
88361
88360
88359
88358
88358
88349
88348
88344
88320
88318
88313
88312
88288
88269
88268
88263
88252
88251
88245
88235
88230
88210
88199
88198
88196
88178
88170
88169
88166
88166
88159
88154
88146
88138
88133
88129
88102
88087
88072
88068
88051
88050
88046
88036
88032
88031
88014
87973
87971
87970
87969
87953
87950
87944
87917
87896
87885
87881
87877
87856
87851
87808
87806
87796
87792
87779
87769
87760
87757
87735
87708
87698
87652
87651
87638
87622
87614
87598
87586
87585
87539
87532
87499
87494
87488
87474
87469
87444
87427
87420
87400
87392
87389
87387
87381
87378
87374
87371
87370
87362
87358
87355
87350
87322
87275
87266
87261
87236
87232
87225
87222
87218
87178
87176
87167
87155
87125
87123
87105
87096
87094
87051
87048
87037
87037
87024
87020
87019
87007
87000
86994
86946
86931
86907
86902
86901
86881
86854
86842
86835
86832
86823
86823
86820
86806
86802
86799
86797
86794
86788
86776
86764
86756
86745
86738
86726
86724
86720
86713
86704
86704
86688
86684
86675
86670
86640
86619
86613
86610
86590
86586
86586
86582
86569
86568
86565
86552
86548
86547
86543
86517
86514
86494
86486
86479
86474
86470
86446
86434
86414
86347
86342
86335
86329
86308
86306
86303
86303
86284
86281
86265
86262
86261
86261
86255
86228
86205
86201
86194
86185
86180
86166
86166
86164
86161
86154
86153
86134
86100
86079
86066
86049
86046
86030
86026
85998
85996
85991
85988
85966
85963
85960
85959
85959
85954
85935
85909
85903
85894
85866
85857
85818
85814
85810
85809
85800
85795
85794
85794
85777
85771
85758
85747
85727
85704
85689
85676
85667
85665
85659
85638
85608
85607
85588
85543
85531
85528
85505
85501
85492
85491
85481
85476
85475
85461
85426
85419
85417
85416
85410
85383
85374
85369
85358
85350
85347
85330
85327
85305
85289
85283
85268
85261
85242
85238
85211
85206
85192
85188
85165
85160
85156
85152
85150
85149
85127
85109
85101
85097
85092
85066
85040
85020
85004
85003
85000
84996
84981
84980
84977
84957
84943
84937
84934
84929
84924
84910
84889
84886
84875
84858
84856
84853
84851
84808
84803
84786
84766
84759
84748
84741
84737
84725
84693
84692
84691
84609
84601
84599
84598
84579
84578
84568
84565
84560
84543
84524
84508
84508
84507
84500
84499
84497
84485
84472
84467
84453
84437
84433
84426
84418
84407
84399
84375
84351
84348
84339
84324
84315
84309
84290
84288
84288
84277
84273
84243
84240
84232
84226
84225
84225
84223
84223
84208
84195
84194
84190
84154
84140
84132
84118
84101
84084
84068
84063
84049
84029
84006
83997
83996
83990
83962
83921
83913
83885
83871
83847
83845
83843
83839
83839
83828
83811
83802
83800
83792
83784
83758
83747
83732
83730
83730
83723
83723
83722
83702
83688
83685
83660
83659
83641
83631
83624
83598
83593
83587
83584
83581
83558
83558
83538
83537
83519
83508
83505
83502
83486
83481
83474
83461
83454
83425
83421
83418
83416
83415
83411
83407
83392
83390
83369
83369
83351
83349
83349
83328
83322
83320
83319
83294
83240
83237
83236
83206
83205
83199
83190
83184
83181
83169
83168
83159
83158
83158
83141
83111
83109
83090
83057
83041
83035
83018
82998
82984
82983
82966
82965
82963
82959
82958
82958
82906
82906
82903
82863
82856
82854
82852
82851
82849
82843
82839
82837
82807
82798
82794
82791
82788
82786
82779
82763
82760
82739
82736
82732
82728
82723
82719
82710
82698
82693
82691
82691
82677
82674
82673
82657
82657
82634
82623
82616
82613
82608
82601
82597
82590
82589
82583
82561
82552
82544
82538
82531
82523
82522
82519
82504
82496
82486
82485
82483
82478
82449
82449
82431
82429
82420
82419
82411
82404
82403
82403
82401
82369
82352
82338
82333
82318
82316
82316
82315
82304
82277
82253
82248
82245
82243
82240
82236
82228
82222
82194
82168
82160
82149
82145
82141
82141
82103
82096
82081
82059
82049
82015
82013
82010
82005
81999
81990
81990
81977
81976
81973
81972
81969
81959
81957
81931
81921
81919
81899
81896
81887
81882
81879
81874
81861
81838
81828
81828
81825
81823
81814
81794
81794
81790
81784
81738
81736
81729
81729
81714
81714
81712
81710
81704
81702
81695
81686
81679
81673
81666
81660
81658
81655
81644
81642
81607
81594
81570
81526
81507
81502
81492
81472
81471
81470
81468
81438
81421
81419
81413
81410
81403
81381
81380
81372
81364
81363
81352
81351
81344
81337
81337
81312
81299
81280
81279
81261
81254
81248
81248
81235
81227
81223
81221
81219
81217
81204
81188
81184
81184
81180
81178
81165
81159
81159
81152
81152
81144
81144
81125
81118
81112
81105
81104
81095
81089
81085
81079
81077
81075
81072
81063
81057
81055
81037
81036
81018
81001
80991
80987
80979
80977
80961
80956
80943
80932
80929
80919
80916
80908
80907
80874
80863
80861
80859
80854
80838
80828
80820
80813
80757
80747
80731
80726
80694
80690
80649
80640
80629
80621
80620
80601
80600
80599
80598
80569
80554
80543
80542
80534
80526
80500
80493
80486
80484
80477
80459
80458
80441
80434
80420
80413
80404
80404
80401
80390
80385
80381
80380
80379
80374
80372
80324
80318
80309
80301
80301
80297
80266
80265
80253
80252
80239
80238
80229
80226
80189
80172
80166
80154
80151
80149
80142
80137
80112
80105
80104
80086
80073
80066
80048
80045
80031
80030
80021
80020
80016
79992
79972
79963
79958
79955
79942
79940
79926
79916
79916
79909
79903
79902
79901
79900
79895
79891
79885
79866
79863
79859
79832
79826
79822
79807
79786
79785
79781
79780
79769
79753
79743
79727
79707
79702
79697
79694
79692
79686
79662
79655
79651
79647
79618
79615
79600
79595
79592
79578
79578
79576
79574
79566
79563
79536
79529
79523
79504
79503
79501
79477
79476
79424
79419
79377
79370
79362
79303
79260
79255
79248
79241
79236
79231
79231
79221
79197
79175
79159
79159
79156
79151
79128
79101
79095
79080
79070
79068
79054
79052
79047
79043
79023
78996
78977
78966
78928
78926
78917
78910
78883
78881
78873
78848
78839
78830
78821
78819
78818
78816
78814
78812
78808
78805
78804
78802
78793
78788
78769
78749
78737
78733
78729
78713
78704
78691
78688
78681
78679
78668
78652
78647
78647
78632
78628
78597
78586
78571
78562
78549
78544
78539
78526
78507
78483
78481
78468
78454
78420
78416
78414
78413
78405
78389
78367
78355
78354
78352
78344
78331
78320
78299
78293
78264
78261
78258
78253
78240
78228
78227
78227
78214
78207
78203
78199
78190
78189
78181
78176
78174
78163
78160
78159
78159
78152
78136
78123
78119
78103
78101
78098
78093
78079
78074
78046
78040
78025
78019
78013
78006
77998
77965
77959
77934
77933
77928
77924
77908
77904
77893
77882
77864
77859
77833
77828
77816
77798
77794
77784
77780
77779
77777
77769
77762
77758
77756
77737
77723
77722
77714
77711
77711
77707
77706
77695
77695
77693
77670
77659
77657
77657
77618
77614
77614
77611
77596
77587
77586
77575
77555
77551
77539
77525
77524
77471
77452
77440
77425
77406
77386
77381
77371
77361
77354
77328
77319
77300
77285
77281
77275
77258
77256
77250
77243
77238
77236
77234
77233
77198
77196
77194
77192
77178
77160
77154
77149
77145
77134
77123
77121
77092
77091
77067
77050
77031
77029
76990
76971
76965
76940
76937
76932
76930
76921
76907
76899
76898
76886
76877
76872
76848
76847
76818
76815
76814
76800
76797
76781
76760
76740
76735
76717
76716
76706
76675
76637
76617
76594
76593
76588
76573
76571
76562
76555
76547
76516
76510
76508
76499
76492
76491
76491
76485
76477
76473
76471
76463
76460
76438
76422
76418
76412
76408
76402
76396
76375
76371
76367
76362
76348
76332
76307
76306
76302
76280
76279
76278
76259
76258
76250
76205
76200
76164
76159
76156
76154
76131
76126
76114
76098
76080
76077
76061
76054
76040
76036
76026
76025
76014
76005
75996
75994
75986
75984
75977
75975
75960
75958
75957
75948
75943
75939
75938
75927
75917
75911
75909
75892
75884
75875
75864
75856
75854
75849
75849
75845
75832
75829
75823
75815
75812
75810
75801
75790
75786
75783
75780
75775
75773
75761
75759
75747
75723
75688
75677
75654
75596
75582
75572
75570
75567
75565
75564
75557
75547
75545
75530
75529
75513
75504
75496
75490
75487
75486
75484
75465
75456
75455
75448
75441
75434
75416
75410
75387
75378
75334
75312
75311
75309
75247
75244
75239
75228
75222
75221
75209
75202
75185
75173
75169
75150
75148
75142
75131
75129
75117
75101
75100
75100
75077
75074
75043
75035
75020
74990
74980
74979
74968
74964
74961
74949
74926
74915
74913
74910
74907
74906
74894
74890
74880
74874
74870
74866
74840
74830
74815
74812
74794
74790
74781
74766
74758
74742
74741
74735
74726
74718
74709
74682
74673
74670
74659
74644
74636
74620
74619
74581
74561
74557
74553
74551
74548
74544
74540
74538
74526
74523
74480
74479
74479
74476
74475
74460
74459
74443
74433
74424
74419
74414
74408
74388
74388
74387
74368
74347
74323
74322
74298
74292
74275
74266
74252
74249
74232
74221
74213
74211
74209
74206
74202
74201
74199
74194
74192
74189
74186
74182
74176
74145
74145
74142
74133
74114
74106
74099
74088
74085
74067
74048
74032
74029
74007
73999
73991
73980
73979
73976
73965
73930
73922
73894
73891
73886
73882
73879
73876
73876
73871
73865
73858
73854
73838
73833
73828
73803
73793
73787
73759
73754
73751
73746
73733
73722
73712
73710
73710
73706
73702
73699
73699
73698
73695
73683
73666
73663
73652
73643
73592
73577
73574
73526
73518
73516
73515
73512
73499
73494
73481
73479
73479
73441
73421
73401
73401
73393
73374
73368
73367
73357
73321
73319
73312
73304
73294
73289
73288
73286
73285
73266
73240
73238
73217
73201
73189
73187
73186
73169
73161
73156
73145
73142
73139
73118
73115
73109
73107
73105
73093
73069
73065
73036
73017
72996
72992
72987
72979
72972
72968
72961
72959
72958
72953
72940
72936
72927
72919
72911
72902
72902
72901
72887
72860
72838
72831
72818
72814
72807
72799
72783
72781
72781
72775
72773
72770
72746
72728
72707
72696
72696
72695
72680
72678
72678
72673
72656
72655
72653
72647
72609
72603
72601
72586
72584
72580
72565
72560
72547
72516
72502
72501
72481
72472
72468
72450
72445
72442
72428
72398
72367
72358
72358
72350
72339
72328
72325
72309
72298
72261
72261
72259
72254
72238
72231
72225
72195
72195
72184
72184
72178
72167
72157
72152
72113
72112
72097
72093
72080
72073
72068
72066
72060
72059
72047
72036
72035
72030
72021
72016
71992
71987
71976
71975
71964
71957
71950
71950
71943
71932
71931
71921
71913
71906
71903
71880
71867
71866
71842
71839
71827
71823
71795
71783
71761
71760
71758
71754
71745
71729
71729
71728
71723
71721
71716
71692
71682
71668
71663
71647
71636
71604
71597
71592
71587
71585
71581
71572
71561
71546
71537
71531
71514
71500
71500
71484
71481
71471
71467
71462
71434
71422
71416
71407
71406
71404
71404
71391
71388
71355
71355
71349
71343
71342
71327
71323
71317
71309
71274
71272
71272
71252
71246
71237
71219
71211
71189
71189
71180
71173
71157
71137
71135
71120
71114
71114
71110
71109
71067
71065
71059
71059
71043
70994
70982
70948
70947
70938
70927
70924
70914
70903
70902
70885
70869
70856
70821
70787
70782
70773
70770
70757
70751
70748
70744
70735
70728
70720
70716
70714
70708
70700
70682
70672
70654
70651
70646
70643
70641
70639
70632
70622
70622
70582
70566
70545
70542
70535
70526
70515
70514
70457
70423
70422
70391
70371
70371
70363
70352
70342
70331
70312
70252
70240
70234
70226
70204
70201
70190
70189
70173
70154
70152
70152
70145
70130
70126
70114
70098
70079
70078
70072
70055
70030
70026
70015
69992
69969
69945
69925
69907
69890
69887
69882
69869
69859
69856
69855
69851
69840
69836
69835
69830
69821
69815
69800
69792
69791
69791
69788
69767
69759
69744
69730
69728
69720
69688
69683
69680
69678
69639
69627
69604
69601
69599
69578
69575
69575
69566
69563
69558
69548
69537
69516
69494
69489
69485
69468
69454
69454
69449
69448
69443
69420
69419
69408
69408
69408
69404
69375
69341
69328
69314
69312
69293
69291
69271
69268
69263
69256
69246
69229
69196
69192
69192
69190
69183
69178
69175
69171
69171
69169
69169
69155
69148
69144
69130
69129
69126
69125
69124
69112
69104
69101
69101
69060
69058
69030
69023
69011
69001
68984
68946
68946
68928
68927
68923
68923
68916
68915
68885
68884
68881
68867
68866
68864
68843
68836
68828
68826
68826
68822
68813
68807
68797
68789
68788
68780
68772
68771
68763
68750
68739
68730
68724
68714
68699
68696
68694
68647
68647
68644
68643
68628
68604
68583
68579
68561
68543
68540
68528
68526
68521
68507
68507
68506
68489
68470
68451
68438
68427
68418
68413
68404
68399
68382
68379
68367
68361
68359
68357
68356
68352
68346
68340
68340
68326
68295
68294
68279
68260
68240
68239
68238
68238
68224
68219
68213
68190
68184
68177
68173
68168
68164
68156
68148
68135
68125
68103
68087
68086
68083
68082
68071
68066
68046
68043
68034
68031
68006
68005
68004
67995
67991
67991
67975
67967
67944
67942
67897
67893
67890
67885
67869
67869
67846
67845
67835
67830
67827
67795
67790
67785
67770
67767
67737
67735
67716
67713
67701
67700
67696
67694
67690
67684
67664
67641
67640
67637
67635
67611
67607
67591
67580
67563
67559
67553
67535
67528
67527
67511
67505
67482
67482
67474
67460
67452
67451
67439
67428
67426
67414
67413
67388
67381
67380
67368
67361
67348
67329
67328
67306
67285
67281
67257
67231
67220
67218
67206
67194
67189
67157
67155
67145
67144
67142
67140
67124
67109
67096
67095
67079
67054
67046
67030
67029
67018
67008
66998
66987
66975
66972
66959
66956
66942
66942
66933
66919
66914
66914
66899
66892
66887
66862
66798
66796
66779
66769
66763
66761
66751
66747
66746
66745
66742
66737
66727
66696
66645
66632
66629
66628
66621
66621
66604
66578
66552
66545
66542
66540
66539
66532
66514
66497
66496
66483
66483
66473
66470
66469
66468
66460
66454
66451
66449
66445
66440
66413
66411
66398
66390
66388
66375
66369
66359
66341
66337
66337
66336
66329
66327
66323
66321
66295
66274
66257
66255
66254
66233
66226
66195
66194
66186
66177
66133
66103
66097
66092
66054
66050
66050
66045
66023
66008
65993
65960
65954
65946
65938
65936
65934
65927
65913
65905
65886
65875
65860
65841
65818
65815
65815
65814
65812
65785
65784
65770
65766
65747
65729
65701
65701
65694
65687
65687
65686
65677
65674
65665
65657
65656
65635
65635
65635
65633
65624
65586
65575
65567
65552
65543
65540
65523
65517
65507
65476
65472
65467
65440
65439
65426
65412
65410
65399
65394
65391
65391
65378
65335
65331
65329
65328
65313
65309
65294
65286
65273
65252
65247
65247
65235
65234
65234
65228
65223
65218
65214
65200
65188
65180
65176
65172
65167
65142
65141
65126
65110
65078
65064
65057
65045
65023
65021
65018
65012
65007
65005
65001
65000
64997
64990
64977
64969
64948
64939
64922
64890
64876
64865
64840
64831
64821
64806
64800
64795
64789
64784
64766
64753
64738
64730
64703
64703
64698
64698
64692
64690
64681
64681
64680
64675
64634
64608
64578
64572
64555
64550
64543
64542
64529
64515
64515
64513
64478
64471
64468
64468
64466
64465
64449
64449
64447
64441
64438
64433
64428
64421
64420
64420
64410
64409
64405
64397
64391
64383
64377
64337
64306
64303
64295
64288
64270
64239
64239
64221
64208
64194
64194
64187
64164
64137
64136
64115
64104
64102
64093
64085
64079
64078
64069
64066
64051
64043
64042
64041
64034
64023
64008
64006
64000
63997
63977
63966
63955
63950
63947
63943
63932
63911
63908
63900
63883
63882
63849
63843
63841
63830
63827
63815
63815
63814
63807
63803
63774
63756
63750
63733
63727
63720
63689
63681
63671
63649
63632
63626
63617
63607
63605
63605
63599
63593
63536
63536
63525
63513
63495
63488
63469
63461
63460
63460
63456
63449
63431
63426
63414
63411
63407
63406
63397
63390
63386
63382
63371
63370
63368
63362
63353
63345
63342
63330
63316
63314
63311
63304
63290
63290
63287
63285
63278
63273
63260
63232
63229
63223
63202
63201
63187
63180
63177
63173
63160
63148
63129
63127
63126
63098
63090
63089
63083
63072
63060
63051
63050
63035
63028
63021
63008
63003
62995
62990
62988
62981
62973
62967
62960
62956
62914
62913
62889
62865
62847
62844
62819
62811
62804
62797
62768
62764
62757
62752
62734
62717
62715
62715
62702
62687
62678
62673
62671
62667
62664
62658
62652
62647
62637
62633
62629
62619
62617
62617
62614
62600
62599
62590
62589
62588
62585
62581
62570
62559
62530
62529
62527
62525
62517
62515
62513
62494
62483
62474
62471
62468
62463
62459
62457
62457
62454
62424
62420
62412
62394
62394
62393
62387
62384
62382
62369
62359
62350
62349
62330
62324
62320
62306
62298
62295
62265
62265
62251
62226
62224
62210
62196
62183
62180
62176
62173
62160
62159
62152
62150
62149
62149
62145
62143
62139
62133
62131
62112
62108
62105
62101
62076
62068
62059
62056
62042
62039
62039
62012
61957
61954
61943
61923
61919
61871
61865
61853
61850
61844
61843
61840
61838
61820
61814
61799
61790
61769
61768
61737
61733
61726
61726
61720
61709
61707
61695
61692
61633
61626
61621
61606
61593
61593
61585
61583
61568
61567
61557
61548
61541
61529
61518
61494
61488
61486
61471
61459
61452
61449
61448
61440
61433
61429
61413
61407
61402
61399
61380
61351
61341
61340
61332
61324
61316
61305
61271
61251
61247
61232
61228
61216
61201
61199
61191
61191
61188
61186
61180
61165
61159
61155
61123
61115
61105
61101
61101
61093
61073
61067
61050
61044
61043
61038
61011
61003
60997
60987
60982
60969
60968
60964
60950
60937
60936
60914
60905
60888
60886
60844
60822
60820
60815
60805
60800
60798
60773
60751
60733
60725
60711
60709
60706
60668
60656
60632
60632
60605
60570
60570
60514
60507
60506
60506
60503
60502
60477
60436
60398
60385
60366
60359
60334
60326
60313
60303
60302
60302
60289
60281
60250
60241
60230
60204
60186
60174
60163
60149
60132
60123
60117
60105
60077
60073
60073
60068
60060
60048
60039
60038
60008
60007
60004
59990
59986
59976
59974
59972
59967
59963
59956
59953
59945
59944
59940
59919
59917
59914
59907
59902
59896
59888
59883
59878
59859
59837
59834
59817
59805
59757
59738
59735
59728
59727
59723
59695
59692
59681
59677
59671
59663
59630
59629
59627
59617
59609
59597
59594
59587
59581
59574
59570
59569
59562
59552
59539
59525
59501
59499
59490
59483
59483
59482
59480
59472
59445
59445
59437
59436
59434
59430
59417
59417
59416
59412
59403
59397
59372
59371
59370
59367
59367
59351
59340
59332
59332
59326
59309
59308
59295
59279
59238
59233
59195
59189
59173
59156
59145
59138
59112
59109
59109
59091
59082
59077
59071
59071
59067
59065
59048
59038
58993
58992
58944
58902
58898
58864
58836
58834
58832
58807
58796
58794
58791
58779
58757
58742
58726
58714
58705
58697
58692
58683
58681
58671
58670
58667
58663
58660
58648
58631
58627
58612
58606
58605
58602
58585
58572
58561
58560
58556
58555
58550
58548
58533
58516
58504
58498
58465
58464
58451
58440
58432
58424
58409
58405
58404
58382
58368
58363
58363
58357
58356
58353
58352
58349
58339
58332
58328
58322
58319
58292
58276
58273
58259
58245
58205
58194
58177
58175
58173
58172
58172
58170
58150
58145
58130
58129
58121
58119
58107
58106
58093
58086
58080
58064
58044
58034
58001
57995
57967
57952
57942
57932
57930
57919
57915
57914
57912
57894
57890
57882
57878
57854
57854
57838
57837
57813
57809
57790
57790
57789
57789
57787
57785
57782
57780
57751
57742
57732
57724
57722
57703
57697
57697
57693
57688
57680
57657
57643
57643
57617
57616
57614
57611
57602
57596
57562
57551
57540
57533
57532
57530
57527
57524
57512
57503
57492
57472
57455
57449
57423
57403
57402
57398
57398
57394
57388
57376
57371
57356
57337
57329
57326
57320
57304
57293
57285
57284
57272
57266
57250
57242
57220
57215
57197
57197
57173
57169
57157
57138
57125
57123
57113
57079
57079
57073
57059
57040
57028
57008
57005
56998
56978
56971
56966
56959
56956
56954
56951
56946
56938
56937
56907
56890
56867
56851
56847
56832
56823
56817
56810
56805
56802
56788
56774
56774
56771
56735
56732
56724
56713
56710
56703
56699
56695
56693
56665
56665
56664
56657
56645
56631
56627
56625
56621
56616
56611
56605
56594
56564
56555
56552
56548
56544
56531
56528
56518
56506
56504
56499
56489
56449
56447
56443
56442
56421
56402
56394
56374
56370
56370
56368
56332
56330
56326
56321
56316
56312
56308
56301
56281
56263
56254
56252
56230
56227
56226
56224
56215
56199
56196
56194
56180
56180
56178
56168
56149
56147
56126
56117
56092
56092
56086
56080
56057
56056
56035
56033
56026
56021
56015
56009
55989
55985
55981
55969
55967
55965
55964
55958
55933
55928
55882
55880
55879
55865
55816
55816
55812
55804
55792
55785
55769
55760
55736
55727
55723
55699
55678
55668
55662
55659
55656
55649
55641
55641
55629
55598
55586
55574
55556
55527
55510
55480
55477
55451
55448
55423
55418
55394
55371
55364
55337
55335
55325
55314
55310
55297
55276
55261
55256
55255
55238
55210
55169
55162
55162
55144
55134
55119
55116
55116
55110
55105
55103
55093
55080
55078
55058
55055
55051
55049
55041
55034
55029
55019
55014
54995
54992
54975
54963
54963
54959
54942
54903
54884
54883
54879
54874
54864
54861
54855
54850
54847
54844
54825
54807
54801
54784
54771
54769
54769
54764
54754
54733
54729
54725
54724
54716
54671
54650
54645
54625
54621
54621
54603
54602
54592
54587
54585
54584
54565
54550
54540
54535
54507
54505
54503
54495
54476
54472
54472
54462
54453
54435
54425
54425
54418
54414
54409
54395
54394
54386
54354
54340
54331
54326
54324
54323
54312
54308
54303
54279
54262
54261
54245
54228
54228
54222
54222
54220
54193
54190
54144
54144
54137
54097
54093
54090
54083
54075
54074
54073
54063
54063
54056
54041
54033
54029
54023
54003
53989
53981
53980
53976
53958
53957
53947
53946
53943
53935
53928
53924
53923
53915
53914
53902
53896
53885
53885
53879
53868
53868
53864
53862
53861
53855
53841
53813
53785
53774
53763
53749
53744
53739
53733
53721
53714
53692
53679
53641
53615
53585
53585
53574
53563
53555
53553
53552
53545
53541
53539
53531
53531
53520
53513
53512
53481
53452
53445
53444
53442
53438
53436
53434
53407
53407
53405
53404
53343
53321
53314
53310
53297
53296
53289
53273
53270
53248
53238
53219
53200
53200
53198
53193
53180
53165
53161
53159
53157
53150
53143
53140
53133
53132
53113
53104
53094
53094
53093
53042
53041
53020
53012
53009
53008
53000
52999
52991
52963
52959
52959
52948
52937
52923
52916
52902
52899
52897
52897
52878
52849
52778
52763
52756
52745
52728
52712
52694
52688
52679
52672
52662
52656
52646
52634
52621
52582
52582
52576
52542
52540
52533
52526
52519
52514
52505
52502
52500
52472
52465
52461
52439
52427
52417
52406
52403
52391
52378
52373
52342
52322
52311
52307
52303
52252
52250
52239
52223
52221
52206
52202
52199
52186
52182
52176
52158
52154
52130
52121
52121
52109
52106
52105
52103
52101
52099
52092
52050
52050
52043
52039
52038
52021
52019
52001
51986
51981
51965
51963
51961
51929
51926
51924
51906
51901
51887
51882
51874
51841
51839
51789
51781
51777
51766
51761
51758
51757
51754
51742
51738
51717
51711
51704
51695
51683
51642
51622
51620
51610
51606
51601
51596
51596
51596
51594
51578
51576
51572
51562
51557
51557
51550
51528
51514
51502
51501
51481
51479
51472
51451
51417
51391
51361
51352
51346
51330
51329
51289
51277
51265
51258
51228
51220
51219
51209
51201
51186
51161
51151
51145
51143
51124
51119
51104
51103
51093
51087
51070
51056
51050
51049
51033
51021
51019
50973
50951
50939
50897
50883
50882
50869
50867
50858
50857
50855
50843
50843
50840
50825
50810
50798
50786
50783
50780
50776
50774
50760
50753
50747
50742
50656
50627
50610
50585
50579
50574
50572
50559
50558
50552
50546
50544
50540
50537
50524
50491
50475
50467
50453
50432
50430
50426
50421
50417
50404
50399
50392
50392
50391
50370
50366
50320
50320
50313
50299
50273
50228
50219
50211
50188
50163
50158
50155
50153
50144
50128
50126
50103
50089
50082
50062
50036
50026
50020
50019
50014
50010
50009
49977
49940
49928
49920
49912
49905
49896
49882
49877
49869
49864
49860
49850
49842
49835
49832
49829
49824
49821
49817
49813
49804
49802
49798
49790
49784
49779
49774
49765
49761
49758
49755
49732
49730
49708
49682
49680
49661
49631
49626
49615
49609
49603
49591
49576
49566
49532
49520
49517
49516
49515
49515
49513
49502
49492
49480
49474
49463
49462
49423
49422
49414
49413
49401
49395
49380
49377
49373
49367
49365
49362
49355
49350
49349
49348
49338
49336
49334
49323
49317
49287
49277
49273
49273
49270
49262
49257
49257
49250
49229
49224
49213
49210
49194
49183
49174
49154
49154
49153
49153
49149
49148
49136
49134
49131
49130
49111
49100
49090
49074
49073
49065
49059
49050
49045
49045
49039
49032
49026
49011
49007
49001
48993
48982
48979
48977
48946
48875
48856
48853
48845
48835
48835
48822
48811
48803
48795
48791
48773
48769
48761
48760
48749
48739
48731
48730
48726
48713
48707
48706
48691
48691
48689
48687
48686
48666
48660
48655
48634
48633
48630
48624
48613
48600
48591
48547
48540
48519
48518
48497
48495
48493
48482
48448
48437
48429
48422
48396
48384
48376
48376
48368
48366
48359
48359
48349
48347
48344
48327
48316
48294
48286
48280
48264
48257
48250
48249
48244
48211
48187
48179
48159
48158
48158
48129
48124
48121
48112
48112
48108
48097
48095
48090
48078
48048
48019
48015
48013
48007
48003
48002
47994
47987
47974
47966
47954
47933
47906
47904
47904
47898
47896
47887
47876
47872
47867
47857
47850
47842
47839
47828
47787
47781
47757
47752
47731
47723
47721
47719
47719
47715
47702
47681
47677
47668
47663
47645
47644
47643
47642
47616
47615
47605
47592
47587
47584
47579
47563
47561
47537
47533
47518
47517
47516
47500
47492
47491
47489
47487
47470
47462
47459
47458
47442
47426
47411
47411
47408
47383
47382
47369
47364
47363
47336
47329
47310
47305
47300
47270
47270
47266
47265
47230
47217
47213
47213
47194
47180
47176
47154
47152
47146
47144
47144
47143
47143
47140
47136
47123
47104
47095
47075
47056
47032
47013
47007
47002
47000
46994
46971
46929
46927
46909
46908
46903
46900
46897
46893
46881
46877
46876
46847
46846
46841
46827
46806
46801
46787
46770
46748
46721
46719
46714
46709
46708
46687
46677
46664
46656
46640
46639
46628
46622
46603
46602
46590
46574
46570
46564
46563
46560
46549
46540
46495
46479
46462
46444
46439
46432
46425
46413
46413
46404
46399
46395
46395
46394
46394
46383
46370
46369
46364
46359
46345
46344
46339
46334
46332
46329
46324
46312
46287
46286
46286
46265
46248
46228
46226
46223
46220
46203
46198
46195
46193
46174
46158
46155
46153
46139
46133
46125
46102
46097
46095
46095
46093
46072
46069
46062
46056
46031
46030
46023
46009
46001
46000
45996
45989
45981
45966
45963
45944
45937
45924
45892
45885
45883
45883
45865
45863
45841
45821
45804
45802
45792
45792
45786
45772
45770
45761
45757
45751
45749
45747
45739
45727
45720
45700
45697
45660
45652
45649
45643
45634
45628
45625
45613
45592
45587
45576
45561
45559
45555
45523
45517
45516
45486
45485
45471
45467
45466
45461
45443
45440
45413
45405
45401
45392
45389
45383
45363
45351
45342
45314
45311
45293
45270
45267
45265
45260
45254
45249
45249
45233
45229
45205
45199
45192
45173
45156
45137
45118
45116
45115
45103
45097
45091
45088
45083
45077
45070
45038
45017
45005
44992
44989
44977
44976
44959
44950
44948
44948
44942
44935
44926
44915
44910
44901
44896
44884
44880
44878
44856
44850
44847
44832
44818
44814
44801
44799
44782
44767
44765
44763
44762
44747
44744
44739
44739
44725
44716
44714
44696
44691
44678
44671
44663
44653
44640
44637
44631
44617
44608
44607
44600
44598
44598
44595
44579
44578
44574
44561
44554
44552
44543
44543
44539
44515
44513
44504
44493
44492
44441
44431
44423
44422
44412
44385
44371
44368
44365
44360
44359
44346
44342
44320
44304
44299
44285
44233
44227
44185
44184
44181
44179
44169
44163
44149
44146
44146
44141
44137
44122
44116
44108
44105
44085
44078
44075
44069
44065
44057
44051
44050
44020
44012
44005
43992
43983
43981
43979
43971
43967
43950
43942
43928
43926
43925
43914
43908
43897
43896
43890
43867
43856
43854
43844
43834
43819
43807
43803
43780
43773
43767
43764
43760
43753
43749
43748
43737
43732
43728
43717
43707
43700
43695
43685
43682
43675
43646
43636
43635
43612
43611
43609
43601
43575
43560
43556
43553
43549
43540
43535
43521
43509
43504
43497
43490
43490
43472
43452
43433
43431
43401
43399
43398
43393
43387
43376
43372
43371
43355
43327
43322
43314
43305
43285
43261
43259
43236
43226
43208
43196
43193
43189
43172
43166
43162
43162
43145
43136
43127
43121
43119
43112
43099
43089
43089
43050
43027
43022
43018
43018
43004
42999
42996
42985
42982
42981
42966
42966
42954
42940
42926
42921
42912
42909
42886
42875
42869
42851
42835
42817
42811
42811
42801
42788
42774
42768
42759
42741
42729
42729
42727
42709
42707
42706
42706
42689
42686
42675
42665
42661
42649
42649
42630
42623
42622
42604
42604
42589
42583
42582
42578
42576
42569
42559
42533
42515
42503
42497
42473
42460
42459
42449
42447
42438
42429
42424
42422
42415
42408
42400
42394
42389
42385
42371
42364
42353
42288
42254
42253
42253
42251
42225
42220
42213
42205
42204
42195
42182
42176
42170
42170
42168
42160
42149
42133
42129
42127
42123
42119
42111
42108
42100
42093
42088
42087
42084
42059
42056
42045
42045
42015
42005
42005
42004
41996
41946
41936
41933
41930
41916
41914
41910
41894
41894
41876
41875
41860
41835
41834
41817
41814
41805
41802
41798
41794
41784
41783
41775
41766
41762
41761
41753
41750
41748
41747
41746
41745
41745
41744
41740
41716
41710
41709
41707
41706
41702
41698
41673
41666
41656
41650
41649
41617
41617
41581
41580
41579
41572
41528
41500
41497
41486
41470
41467
41447
41444
41439
41427
41414
41392
41390
41372
41364
41353
41351
41347
41339
41334
41306
41305
41291
41284
41268
41266
41260
41253
41249
41247
41241
41232
41208
41208
41204
41190
41162
41153
41116
41096
41081
41080
41067
41059
41028
41027
41025
41025
41014
41005
40997
40987
40987
40979
40972
40965
40960
40959
40955
40945
40943
40931
40929
40913
40900
40899
40896
40894
40883
40871
40832
40815
40805
40801
40789
40785
40779
40779
40777
40774
40765
40758
40737
40733
40729
40702
40701
40693
40666
40663
40660
40653
40637
40628
40622
40595
40594
40593
40591
40560
40558
40527
40508
40482
40479
40476
40469
40468
40457
40452
40448
40436
40410
40404
40390
40371
40357
40352
40346
40341
40339
40313
40297
40295
40294
40292
40274
40266
40256
40250
40229
40213
40210
40203
40198
40197
40193
40187
40179
40169
40158
40124
40122
40118
40115
40084
40077
40052
40051
40048
40041
40036
40034
40029
40020
40005
39999
39992
39983
39962
39960
39957
39956
39953
39929
39923
39910
39910
39897
39896
39891
39821
39783
39781
39763
39753
39738
39714
39713
39702
39696
39693
39687
39679
39676
39673
39671
39663
39648
39641
39636
39627
39612
39604
39593
39589
39568
39523
39511
39502
39502
39496
39458
39425
39423
39417
39416
39410
39409
39387
39384
39371
39369
39366
39358
39343
39339
39331
39299
39263
39261
39252
39248
39247
39232
39231
39225
39221
39213
39211
39211
39188
39177
39153
39129
39109
39106
39101
39072
39045
38993
38970
38967
38962
38952
38947
38943
38935
38920
38910
38902
38900
38893
38891
38867
38867
38857
38848
38844
38843
38822
38803
38789
38788
38764
38752
38728
38717
38716
38716
38709
38699
38697
38680
38668
38655
38642
38630
38626
38624
38622
38620
38620
38615
38605
38595
38594
38591
38590
38580
38573
38570
38569
38538
38528
38514
38509
38505
38490
38489
38487
38455
38448
38425
38423
38409
38409
38403
38398
38380
38371
38360
38353
38345
38335
38332
38310
38309
38305
38299
38285
38280
38280
38275
38252
38236
38223
38202
38195
38191
38189
38181
38179
38168
38158
38155
38149
38137
38134
38131
38128
38123
38113
38110
38077
38076
38066
38046
38028
38023
38022
38019
38007
38003
37990
37975
37958
37957
37943
37928
37913
37905
37903
37892
37870
37864
37859
37856
37856
37855
37855
37844
37836
37830
37825
37819
37819
37817
37803
37798
37789
37765
37723
37715
37684
37679
37660
37649
37629
37613
37611
37608
37603
37591
37590
37588
37579
37578
37577
37558
37558
37556
37533
37515
37504
37456
37402
37400
37400
37362
37348
37345
37314
37303
37282
37257
37248
37226
37216
37199
37187
37181
37164
37157
37147
37140
37134
37131
37125
37118
37116
37111
37077
37076
37058
37055
37046
37046
37039
37002
36938
36931
36927
36915
36910
36900
36898
36888
36870
36863
36860
36853
36847
36831
36813
36804
36784
36778
36767
36752
36736
36734
36728
36719
36702
36701
36691
36687
36664
36663
36649
36646
36643
36642
36641
36638
36609
36585
36584
36563
36562
36560
36549
36536
36522
36516
36509
36496
36478
36469
36453
36440
36425
36420
36407
36403
36400
36399
36381
36379
36379
36368
36359
36345
36343
36319
36312
36311
36308
36291
36290
36288
36284
36267
36262
36261
36248
36246
36242
36230
36230
36229
36224
36218
36197
36189
36175
36166
36149
36139
36136
36136
36124
36103
36096
36066
36054
36041
36005
35997
35993
35978
35972
35956
35945
35941
35934
35923
35917
35913
35896
35883
35880
35880
35874
35867
35862
35862
35856
35855
35846
35834
35830
35776
35757
35723
35714
35692
35689
35683
35678
35665
35661
35658
35655
35642
35612
35600
35597
35582
35580
35574
35573
35573
35554
35550
35541
35528
35525
35516
35500
35496
35479
35465
35453
35448
35436
35434
35406
35404
35402
35397
35395
35386
35350
35329
35324
35317
35272
35268
35268
35263
35261
35255
35252
35234
35227
35221
35220
35207
35196
35194
35177
35167
35161
35156
35136
35122
35119
35107
35087
35039
35039
35033
35016
35008
35007
35005
34997
34997
34978
34976
34976
34964
34956
34954
34946
34939
34897
34893
34884
34879
34852
34841
34836
34832
34831
34810
34801
34781
34765
34758
34751
34747
34735
34733
34731
34731
34730
34719
34690
34687
34675
34675
34645
34638
34627
34625
34618
34606
34604
34603
34590
34580
34580
34578
34576
34575
34544
34543
34529
34528
34511
34506
34492
34477
34476
34428
34427
34423
34413
34398
34388
34327
34322
34321
34308
34298
34270
34255
34252
34252
34243
34242
34233
34231
34226
34224
34218
34213
34201
34195
34190
34176
34168
34164
34164
34162
34141
34140
34127
34102
34093
34077
34071
34043
34043
34037
34010
34004
33995
33990
33971
33960
33959
33957
33953
33939
33937
33913
33909
33904
33889
33888
33873
33867
33865
33849
33824
33812
33808
33804
33794
33791
33789
33789
33778
33765
33745
33743
33723
33718
33710
33705
33704
33702
33672
33669
33646
33642
33631
33624
33623
33611
33609
33608
33608
33600
33585
33575
33573
33557
33541
33536
33531
33519
33479
33477
33461
33442
33441
33441
33438
33430
33413
33410
33407
33373
33373
33372
33370
33355
33335
33332
33322
33322
33322
33321
33320
33305
33299
33299
33296
33269
33255
33253
33244
33243
33230
33219
33207
33187
33170
33165
33155
33153
33153
33147
33143
33116
33107
33085
33078
33059
33050
33040
33025
33022
32987
32987
32984
32974
32963
32963
32963
32960
32945
32938
32927
32918
32916
32908
32905
32903
32898
32882
32878
32871
32847
32832
32812
32785
32771
32762
32761
32750
32734
32730
32726
32690
32689
32681
32649
32626
32599
32595
32581
32579
32553
32521
32520
32519
32518
32515
32513
32503
32501
32466
32444
32430
32428
32427
32425
32406
32401
32399
32392
32387
32383
32379
32377
32336
32315
32305
32298
32296
32293
32259
32251
32224
32215
32210
32198
32189
32179
32178
32165
32157
32155
32154
32136
32115
32114
32110
32104
32102
32101
32100
32099
32091
32084
32080
32077
32075
32062
32055
32047
32042
32032
32018
31999
31996
31991
31985
31979
31973
31971
31968
31965
31950
31944
31943
31936
31934
31901
31894
31883
31866
31857
31840
31839
31832
31810
31810
31809
31786
31784
31755
31721
31707
31704
31670
31657
31648
31640
31637
31624
31621
31593
31587
31575
31558
31551
31548
31538
31509
31506
31481
31481
31474
31473
31468
31466
31445
31445
31420
31420
31416
31416
31378
31362
31358
31348
31346
31334
31327
31326
31321
31301
31298
31296
31275
31269
31266
31261
31255
31241
31229
31223
31205
31198
31189
31189
31182
31181
31179
31169
31141
31137
31124
31115
31077
31052
31003
31003
30983
30978
30974
30964
30963
30961
30942
30941
30940
30925
30908
30902
30896
30874
30862
30860
30859
30847
30845
30824
30815
30815
30813
30802
30797
30793
30792
30779
30760
30751
30744
30737
30736
30735
30725
30718
30718
30717
30702
30698
30694
30671
30653
30652
30649
30638
30626
30612
30602
30602
30601
30590
30556
30548
30548
30525
30512
30510
30482
30480
30476
30465
30465
30464
30459
30424
30423
30388
30379
30370
30345
30319
30309
30308
30292
30289
30288
30274
30262
30246
30242
30227
30220
30216
30205
30204
30203
30193
30180
30163
30134
30130
30127
30115
30110
30084
30080
30075
30066
30052
30044
30041
30008
30002
30000
29990
29985
29915
29901
29886
29819
29817
29794
29779
29778
29763
29747
29747
29745
29743
29742
29742
29714
29708
29703
29702
29699
29679
29672
29668
29668
29635
29627
29627
29618
29603
29599
29597
29586
29580
29568
29560
29557
29543
29538
29516
29515
29496
29489
29418
29416
29389
29339
29320
29312
29309
29292
29273
29260
29235
29234
29232
29231
29226
29210
29202
29197
29188
29155
29153
29143
29137
29110
29104
29104
29098
29088
29085
29078
29076
29047
29038
29026
29017
29015
29013
29007
29003
28987
28984
28961
28961
28959
28955
28942
28929
28926
28915
28912
28907
28903
28903
28897
28873
28869
28860
28854
28846
28843
28834
28827
28821
28802
28773
28768
28766
28764
28762
28752
28740
28734
28706
28699
28684
28666
28633
28626
28605
28585
28576
28576
28568
28557
28546
28540
28524
28516
28498
28497
28476
28469
28458
28421
28419
28414
28407
28401
28387
28385
28377
28374
28371
28346
28336
28330
28328
28315
28290
28263
28263
28250
28238
28197
28174
28172
28167
28161
28152
28127
28122
28118
28106
28092
28091
28074
28062
28035
28017
28013
28010
28009
27990
27980
27977
27964
27946
27944
27938
27925
27925
27912
27912
27902
27895
27894
27882
27878
27859
27856
27853
27839
27827
27825
27811
27783
27770
27758
27750
27730
27724
27724
27719
27689
27673
27672
27658
27657
27653
27643
27638
27636
27629
27629
27615
27611
27607
27602
27597
27592
27590
27587
27558
27541
27515
27512
27508
27506
27501
27501
27483
27457
27428
27417
27414
27413
27408
27407
27402
27386
27374
27365
27359
27357
27355
27349
27342
27337
27333
27326
27322
27306
27301
27298
27285
27276
27276
27260
27252
27236
27223
27215
27213
27195
27185
27179
27170
27166
27151
27141
27137
27136
27129
27112
27111
27110
27097
27092
27078
27075
27065
27059
27040
26996
26992
26985
26981
26978
26969
26958
26955
26925
26919
26914
26906
26890
26877
26874
26852
26844
26844
26823
26821
26814
26807
26788
26777
26768
26768
26763
26742
26741
26739
26733
26722
26719
26713
26705
26699
26696
26696
26695
26683
26670
26658
26636
26629
26624
26608
26588
26587
26545
26529
26521
26515
26514
26513
26505
26502
26487
26485
26472
26470
26459
26428
26423
26414
26384
26380
26370
26366
26358
26342
26330
26316
26307
26307
26305
26296
26295
26290
26265
26258
26256
26222
26216
26211
26206
26197
26183
26180
26172
26150
26139
26126
26119
26104
26087
26085
26059
26030
26027
26023
26005
25998
25995
25987
25982
25961
25957
25949
25949
25918
25911
25880
25871
25870
25863
25830
25829
25785
25784
25778
25771
25769
25768
25758
25743
25742
25739
25738
25713
25703
25696
25690
25682
25675
25669
25668
25664
25651
25644
25640
25624
25622
25606
25582
25580
25572
25559
25556
25516
25512
25511
25510
25504
25500
25500
25499
25498
25496
25490
25469
25467
25465
25463
25450
25448
25444
25443
25441
25420
25410
25407
25389
25377
25362
25361
25360
25354
25349
25343
25338
25335
25330
25328
25327
25305
25290
25277
25275
25273
25237
25234
25231
25219
25213
25209
25164
25155
25151
25145
25144
25137
25135
25109
25108
25106
25100
25085
25080
25077
25072
25056
25054
25041
25027
25022
25017
24994
24990
24986
24922
24908
24893
24892
24891
24889
24884
24876
24858
24854
24853
24852
24842
24842
24797
24757
24755
24749
24741
24738
24731
24721
24714
24714
24713
24712
24705
24699
24692
24690
24685
24671
24671
24665
24662
24660
24658
24635
24624
24618
24602
24584
24561
24561
24541
24517
24512
24500
24498
24485
24429
24424
24412
24407
24404
24402
24381
24375
24366
24363
24360
24351
24338
24338
24309
24308
24279
24279
24269
24264
24251
24242
24234
24202
24192
24189
24185
24150
24124
24093
24090
24090
24082
24082
24067
24033
24003
24001
23997
23994
23977
23969
23967
23965
23953
23950
23937
23934
23922
23920
23905
23898
23895
23894
23882
23874
23865
23863
23842
23815
23798
23776
23753
23742
23726
23721
23698
23693
23692
23680
23679
23678
23676
23666
23648
23623
23614
23607
23577
23571
23566
23554
23549
23549
23535
23515
23493
23484
23479
23461
23448
23438
23420
23414
23409
23409
23407
23391
23378
23373
23360
23357
23343
23331
23329
23328
23328
23320
23305
23297
23278
23274
23272
23266
23260
23257
23228
23207
23206
23192
23191
23174
23172
23170
23166
23154
23139
23131
23119
23109
23097
23087
23087
23070
23047
23037
23029
23008
23004
23003
22999
22988
22981
22980
22969
22965
22960
22954
22950
22949
22929
22929
22906
22894
22890
22885
22883
22878
22871
22866
22831
22819
22815
22797
22789
22786
22767
22767
22740
22718
22697
22677
22673
22670
22669
22650
22642
22640
22623
22617
22613
22597
22586
22585
22578
22545
22538
22533
22530
22525
22522
22521
22520
22517
22498
22494
22489
22478
22470
22464
22455
22440
22419
22407
22398
22393
22380
22376
22369
22364
22358
22349
22349
22345
22342
22325
22308
22305
22295
22290
22289
22275
22266
22263
22247
22229
22227
22198
22189
22126
22121
22106
22101
22096
22091
22074
22071
22068
22064
22014
22011
22003
22000
21989
21988
21988
21961
21954
21911
21908
21905
21895
21878
21871
21857
21851
21848
21833
21827
21823
21787
21775
21765
21761
21754
21745
21744
21742
21742
21738
21731
21729
21723
21667
21662
21652
21642
21639
21625
21602
21599
21591
21582
21581
21580
21578
21555
21546
21525
21524
21511
21506
21503
21503
21497
21496
21475
21474
21442
21433
21428
21419
21410
21406
21405
21402
21399
21395
21375
21374
21374
21370
21356
21341
21337
21325
21313
21301
21300
21295
21287
21285
21284
21281
21273
21261
21245
21235
21233
21220
21216
21204
21189
21184
21183
21180
21167
21156
21130
21111
21110
21106
21104
21096
21095
21094
21088
21084
21083
21075
21072
21069
21042
21038
21029
21026
20945
20936
20926
20917
20900
20899
20895
20874
20874
20873
20861
20850
20844
20834
20828
20812
20801
20770
20765
20747
20732
20714
20711
20709
20653
20639
20606
20591
20573
20545
20541
20529
20516
20506
20487
20486
20482
20479
20460
20452
20450
20450
20438
20436
20430
20412
20399
20398
20388
20377
20374
20367
20365
20361
20360
20350
20328
20325
20305
20303
20303
20302
20292
20272
20271
20257
20248
20226
20225
20220
20219
20176
20171
20168
20159
20152
20151
20149
20125
20111
20107
20094
20092
20085
20068
20066
20047
19990
19990
19985
19968
19966
19957
19938
19933
19914
19912
19902
19902
19901
19899
19884
19877
19852
19845
19831
19822
19807
19791
19789
19789
19772
19761
19747
19742
19730
19714
19687
19687
19652
19649
19640
19639
19627
19619
19610
19609
19602
19588
19586
19583
19576
19572
19571
19565
19563
19561
19554
19540
19536
19526
19524
19515
19514
19498
19496
19491
19477
19471
19459
19443
19442
19405
19397
19391
19381
19377
19352
19350
19344
19336
19320
19320
19315
19287
19280
19268
19258
19241
19228
19221
19220
19219
19213
19191
19177
19176
19170
19157
19154
19143
19142
19123
19119
19117
19112
19108
19107
19093
19086
19076
19072
19067
19049
19018
19016
18995
18989
18988
18972
18968
18961
18959
18958
18957
18954
18949
18939
18934
18902
18881
18880
18873
18860
18843
18829
18808
18775
18771
18770
18756
18715
18687
18655
18647
18646
18626
18619
18582
18575
18573
18552
18550
18544
18544
18540
18534
18515
18506
18462
18449
18445
18441
18438
18437
18415
18404
18402
18396
18387
18378
18373
18326
18299
18296
18282
18281
18280
18273
18255
18251
18247
18243
18239
18232
18226
18219
18211
18183
18183
18180
18173
18167
18146
18140
18135
18125
18109
18107
18088
18084
18082
18082
18072
18071
18069
18069
18068
18066
18047
18024
18012
17997
17997
17994
17979
17968
17963
17959
17957
17929
17901
17899
17894
17885
17864
17860
17852
17848
17844
17843
17835
17834
17816
17803
17792
17769
17756
17739
17726
17705
17701
17689
17687
17678
17649
17645
17622
17602
17570
17559
17551
17520
17516
17501
17493
17480
17476
17467
17460
17447
17445
17438
17411
17401
17399
17389
17378
17372
17371
17365
17346
17345
17341
17340
17335
17327
17322
17299
17289
17265
17246
17213
17205
17204
17150
17138
17137
17121
17093
17082
17076
17073
17068
17047
17047
17042
17037
17032
17021
17015
17012
17009
16995
16987
16965
16955
16948
16946
16943
16926
16924
16916
16910
16898
16896
16866
16860
16833
16823
16811
16806
16805
16794
16794
16789
16777
16770
16748
16730
16729
16723
16721
16708
16706
16698
16694
16687
16669
16666
16663
16662
16654
16649
16647
16637
16630
16629
16609
16595
16589
16569
16547
16536
16524
16522
16513
16493
16474
16467
16465
16463
16459
16453
16447
16432
16432
16426
16424
16416
16410
16410
16404
16402
16396
16391
16387
16386
16377
16365
16345
16343
16341
16327
16309
16306
16286
16274
16269
16241
16231
16230
16219
16218
16190
16187
16177
16173
16170
16169
16142
16141
16113
16047
16037
16033
16031
16028
16024
16015
16007
15996
15975
15959
15957
15948
15942
15937
15936
15925
15881
15875
15861
15857
15853
15831
15830
15830
15825
15815
15811
15798
15778
15774
15773
15771
15767
15751
15734
15699
15696
15696
15680
15680
15675
15671
15667
15656
15627
15626
15616
15611
15601
15595
15590
15553
15535
15534
15534
15512
15495
15470
15467
15444
15443
15435
15408
15392
15371
15367
15352
15347
15328
15325
15252
15252
15245
15235
15219
15201
15182
15166
15142
15116
15106
15089
15088
15076
15064
15040
15040
15037
15032
15023
15011
15010
15007
15004
14996
14991
14988
14982
14965
14962
14957
14951
14934
14932
14903
14901
14893
14857
14857
14855
14847
14839
14837
14836
14824
14811
14780
14778
14763
14737
14736
14733
14722
14721
14711
14694
14689
14686
14680
14668
14666
14629
14626
14626
14624
14614
14611
14602
14587
14582
14578
14577
14575
14569
14549
14542
14540
14537
14534
14533
14513
14502
14485
14470
14443
14435
14428
14426
14410
14407
14403
14395
14393
14391
14369
14368
14347
14344
14344
14341
14309
14306
14299
14292
14278
14266
14231
14219
14194
14181
14165
14155
14132
14116
14106
14094
14058
14054
14026
14018
14016
14010
13996
13994
13991
13973
13964
13962
13951
13937
13936
13931
13930
13915
13908
13900
13896
13887
13881
13878
13850
13846
13846
13839
13815
13813
13781
13769
13761
13741
13737
13733
13731
13728
13725
13720
13714
13710
13705
13702
13697
13693
13689
13674
13673
13652
13644
13634
13629
13625
13593
13577
13544
13543
13538
13535
13522
13521
13520
13511
13508
13506
13493
13470
13458
13448
13442
13430
13430
13415
13414
13410
13399
13393
13390
13386
13369
13366
13353
13349
13344
13339
13314
13310
13310
13295
13294
13294
13293
13289
13287
13271
13269
13243
13228
13220
13213
13204
13201
13184
13178
13162
13154
13143
13141
13127
13119
13116
13065
13059
13058
13052
13031
13012
13009
13007
12997
12984
12983
12979
12968
12955
12936
12931
12925
12921
12918
12907
12879
12873
12838
12837
12837
12836
12831
12828
12827
12821
12815
12811
12747
12746
12734
12733
12713
12705
12689
12687
12686
12675
12664
12633
12615
12603
12591
12582
12575
12572
12562
12543
12541
12531
12523
12513
12499
12497
12491
12488
12480
12475
12470
12468
12449
12429
12411
12397
12389
12384
12380
12372
12361
12357
12349
12343
12321
12320
12290
12286
12280
12236
12226
12221
12205
12205
12192
12163
12159
12158
12158
12123
12108
12102
12101
12092
12090
12085
12080
12072
12012
12001
11978
11968
11964
11945
11924
11919
11914
11912
11898
11889
11852
11847
11847
11840
11837
11832
11828
11821
11805
11764
11761
11755
11752
11747
11731
11725
11720
11709
11690
11689
11684
11682
11679
11634
11614
11613
11608
11606
11583
11570
11567
11555
11551
11549
11533
11532
11522
11517
11510
11510
11501
11492
11492
11490
11476
11469
11465
11464
11463
11461
11450
11449
11419
11416
11405
11404
11392
11389
11387
11387
11366
11353
11340
11335
11327
11284
11270
11244
11236
11233
11227
11224
11201
11192
11191
11191
11189
11172
11167
11163
11156
11155
11142
11141
11130
11128
11114
11109
11095
11065
11050
11049
11038
11036
11034
11026
10989
10973
10943
10937
10928
10913
10907
10884
10880
10879
10867
10865
10850
10839
10832
10779
10775
10771
10758
10757
10745
10738
10734
10721
10721
10711
10705
10696
10685
10683
10680
10654
10648
10643
10641
10637
10632
10602
10596
10595
10591
10580
10574
10561
10521
10507
10485
10470
10456
10451
10448
10448
10447
10417
10409
10393
10380
10377
10375
10374
10371
10356
10343
10337
10337
10335
10329
10324
10319
10306
10298
10290
10286
10263
10260
10259
10257
10246
10243
10233
10230
10208
10202
10202
10198
10195
10195
10191
10168
10167
10161
10127
10124
10094
10086
10082
10081
10073
10061
10032
10031
10009
10008
10000
9997
9991
9979
9963
9951
9943
9943
9932
9926
9905
9905
9903
9892
9891
9888
9873
9865
9824
9798
9774
9761
9754
9739
9736
9710
9696
9689
9669
9667
9662
9654
9619
9618
9602
9601
9594
9590
9589
9576
9573
9565
9560
9555
9536
9532
9511
9500
9497
9464
9439
9429
9427
9426
9421
9416
9414
9410
9404
9393
9391
9391
9387
9384
9371
9368
9362
9355
9348
9347
9339
9327
9325
9321
9315
9292
9288
9287
9286
9284
9278
9262
9255
9249
9245
9221
9214
9203
9189
9187
9182
9140
9137
9136
9131
9106
9081
9077
9066
9066
9061
9055
9050
9047
9024
8977
8971
8963
8957
8937
8936
8926
8909
8897
8878
8864
8856
8850
8847
8843
8838
8826
8816
8813
8807
8804
8800
8797
8792
8783
8771
8759
8749
8737
8737
8714
8698
8687
8677
8666
8660
8632
8630
8628
8626
8612
8603
8583
8570
8569
8557
8554
8538
8525
8522
8517
8509
8486
8483
8478
8449
8421
8420
8418
8413
8412
8379
8336
8310
8304
8261
8237
8217
8180
8165
8158
8125
8121
8116
8106
8082
8077
8077
8071
8059
8058
8052
8043
8030
8016
8014
7992
7984
7976
7964
7958
7953
7951
7943
7942
7941
7935
7924
7910
7893
7888
7885
7875
7867
7865
7855
7840
7818
7812
7807
7794
7793
7791
7776
7756
7754
7750
7721
7694
7689
7672
7616
7604
7603
7602
7600
7597
7596
7585
7585
7573
7566
7564
7558
7545
7538
7533
7518
7480
7397
7393
7381
7375
7356
7356
7346
7336
7319
7306
7296
7291
7289
7279
7248
7241
7236
7228
7221
7220
7213
7213
7211
7209
7200
7194
7193
7175
7175
7172
7163
7162
7162
7152
7150
7147
7139
7137
7124
7114
7113
7108
7087
7069
7043
7023
7014
6995
6995
6993
6985
6939
6934
6927
6926
6923
6917
6909
6887
6870
6856
6856
6855
6823
6816
6813
6812
6810
6806
6798
6781
6779
6778
6772
6759
6755
6752
6740
6726
6694
6693
6684
6683
6682
6672
6653
6648
6631
6630
6622
6576
6566
6562
6539
6535
6523
6468
6459
6457
6455
6452
6441
6419
6416
6405
6400
6380
6373
6357
6333
6322
6322
6270
6260
6244
6237
6235
6224
6223
6208
6192
6191
6174
6168
6165
6161
6152
6138
6123
6116
6104
6091
6090
6063
6057
6053
6047
6040
6031
6030
6028
6002
5979
5974
5955
5939
5937
5937
5937
5912
5912
5907
5889
5885
5854
5851
5846
5844
5842
5834
5828
5807
5803
5798
5793
5789
5786
5776
5771
5769
5758
5758
5735
5731
5713
5707
5704
5703
5697
5697
5691
5684
5677
5676
5674
5659
5653
5635
5628
5624
5620
5618
5599
5592
5582
5576
5568
5567
5552
5527
5523
5516
5515
5501
5496
5487
5469
5466
5464
5455
5442
5439
5435
5428
5427
5421
5414
5406
5376
5373
5326
5313
5308
5308
5308
5306
5301
5299
5295
5267
5264
5258
5233
5226
5210
5205
5182
5182
5180
5174
5170
5152
5145
5145
5140
5137
5126
5124
5110
5108
5106
5101
5090
5087
5040
5036
5034
5033
5031
5028
5019
4995
4981
4978
4960
4948
4927
4925
4907
4904
4897
4895
4895
4890
4885
4879
4874
4861
4854
4846
4833
4822
4818
4799
4783
4771
4770
4754
4747
4744
4729
4705
4696
4689
4687
4677
4665
4665
4655
4644
4629
4607
4591
4584
4573
4567
4564
4549
4546
4544
4528
4525
4489
4483
4470
4445
4439
4435
4426
4401
4398
4396
4368
4366
4342
4337
4325
4315
4287
4272
4260
4259
4254
4249
4204
4201
4199
4186
4145
4137
4111
4089
4070
4066
4055
4042
4038
4030
4022
4022
4019
4011
4008
4006
3998
3997
3974
3963
3947
3936
3926
3867
3866
3863
3842
3841
3833
3826
3805
3798
3782
3766
3763
3763
3748
3747
3733
3702
3697
3687
3686
3674
3671
3650
3631
3624
3613
3600
3600
3599
3598
3597
3587
3583
3581
3574
3566
3561
3559
3533
3511
3493
3490
3477
3476
3462
3454
3445
3442
3434
3422
3415
3405
3365
3362
3362
3358
3355
3335
3326
3321
3318
3239
3231
3227
3225
3216
3194
3174
3168
3154
3149
3146
3145
3144
3113
3113
3075
3067
3056
3049
3033
3024
3023
3022
3018
3018
3014
3014
3011
3003
2999
2999
2960
2959
2956
2943
2941
2938
2920
2914
2914
2901
2886
2880
2861
2844
2792
2791
2784
2782
2754
2746
2736
2735
2710
2690
2689
2678
2631
2626
2624
2606
2604
2599
2578
2543
2539
2537
2536
2516
2508
2499
2492
2478
2450
2432
2417
2401
2400
2399
2383
2383
2360
2343
2332
2321
2312
2309
2285
2271
2267
2252
2231
2227
2216
2208
2203
2190
2168
2164
2159
2157
2156
2146
2105
2097
2096
2094
2072
2029
2007
2000
1996
1970
1960
1952
1952
1951
1949
1945
1921
1919
1856
1854
1837
1831
1789
1786
1774
1774
1738
1737
1736
1733
1725
1673
1666
1663
1658
1648
1648
1647
1635
1631
1628
1625
1609
1598
1583
1569
1555
1543
1535
1533
1520
1519
1512
1494
1489
1487
1485
1476
1440
1433
1428
1428
1425
1398
1385
1371
1364
1363
1360
1346
1313
1306
1301
1300
1298
1292
1290
1259
1235
1234
1231
1210
1210
1210
1208
1196
1196
1188
1173
1168
1154
1144
1142
1139
1130
1125
1093
1089
1079
1077
1055
1029
1022
1000
997
993
966
957
943
941
937
918
911
904
904
873
869
864
862
861
854
845
844
838
820
818
793
792
791
779
774
772
767
756
746
737
711
699
680
659
651
646
646
635
624
620
602
589
583
582
577
566
530
503
495
491
486
481
481
470
466
465
449
448
444
443
441
428
419
419
408
399
394
384
383
381
371
362
351
343
342
338
325
321
319
296
288
276
264
255
249
243
191
190
185
141
136
131
118
117
114
107
107
105
104
89
60
6
1
