99900
99877
99821
99759
99546
99524
99494
99365
99197
99170
99145
99117
98854
98817
98679
98513
98498
98145
98105
98091
98069
98008
97958
97905
97706
97691
97602
97550
97406
97339
97274
97248
97140
97069
96999
96881
96817
96816
96604
96375
96300
96130
96108
95945
95941
95899
95845
95821
95768
95743
95693
95626
95585
95559
95550
95066
94988
94946
94798
94661
94575
94546
94515
94477
94336
94292
94284
94276
94180
94128
93869
93729
93638
93606
93541
93487
93352
93269
93190
93168
93032
93031
92960
92602
92577
92561
92441
92116
92052
91966
91922
91862
91737
91704
91578
91479
91305
91261
90994
90736
90589
90458
90420
90220
90040
89973
89801
89723
89622
89500
89376
89353
89340
89070
89060
89017
88974
88714
88525
88304
87864
87809
87805
87689
87465
87421
87087
87007
86980
86968
86891
86859
86855
86694
86609
86584
86195
86189
86179
86003
85872
85657
85635
85566
85483
85456
85443
85151
85025
85023
84997
84965
84888
84814
84723
84505
84409
84293
84263
84102
83992
83746
83686
83595
83552
83520
83233
83209
82958
82715
82694
82616
82554
82453
82398
82389
81775
81621
81543
81440
81274
81207
81133
81108
80822
80813
80515
80340
80281
80120
80087
79878
79840
79806
79783
79753
79741
79634
79374
79374
79332
79195
79144
79104
78776
78739
78547
78483
78477
78471
78433
78340
78245
78141
78095
78037
77877
77822
77808
77773
77708
77453
77417
77276
77073
76959
76877
76864
76660
75985
75910
75586
75557
75475
75391
75230
74877
74869
74695
74637
74629
74380
74327
74278
74195
74168
74158
74140
74130
74051
73996
73944
73939
73917
73783
73702
73660
73471
73464
73196
73134
73097
73062
73036
72942
72879
72876
72862
72848
72733
72676
72628
72534
72347
72347
72336
72326
72293
72200
71922
71560
71356
71298
71224
71157
71126
71048
70890
70615
70614
70577
70512
70474
70319
70218
70186
70151
69908
69832
69829
69765
69701
69688
69567
69356
69254
69127
69085
68911
68805
68690
68618
68411
68383
68227
68145
68061
67901
67893
67781
67626
67592
67406
67237
67152
67071
67040
66968
66930
66907
66905
66801
66791
66643
66630
66416
66132
66059
65609
65588
65541
65268
65171
65086
65069
65042
65010
64544
64520
64379
64360
64342
64327
64284
64262
64102
64038
64033
63860
63540
63475
63440
63429
63406
63166
63158
63122
63066
62301
62290
62200
62068
61943
61883
61867
61764
61664
61646
61606
61596
61119
61093
61058
60979
60955
60900
60874
60859
60585
60208
60068
60044
59899
59893
59789
59731
59667
59620
59305
59185
59169
59124
59097
59039
58966
58875
58698
58412
58378
58323
58005
57758
57568
57352
57306
57302
57120
57086
57067
56968
56895
56853
56615
56458
56338
56248
56144
56126
55989
55956
55926
55896
55833
55586
55537
55402
55312
55296
55207
55154
55114
55037
54982
54185
54049
53991
53887
53703
53692
53599
53576
53551
53543
53265
53177
53093
53004
52921
52782
52764
52744
52621
52512
52434
52386
52328
52229
52138
52025
51810
51653
51565
51550
51534
51507
51463
51447
51427
51228
51225
50897
50629
50507
50296
50263
50085
50069
50039
49908
49901
49730
49594
49589
49482
49461
49376
49359
49262
49184
49117
49076
49006
49000
48528
48467
48452
48422
48390
48008
47830
47824
47653
47468
47467
47365
47356
47266
47208
47008
46927
46898
46866
46775
46729
46717
46657
46538
46400
46281
45964
45905
45860
45620
45566
45548
45416
45269
45262
45142
45039
44992
44923
44830
44809
44715
44503
44499
44248
44113
44027
43904
43820
43751
43574
43491
43371
43351
43285
43273
43027
42988
42822
42809
42649
42598
42582
42360
42334
42317
42234
42215
42147
42120
42109
41897
41724
41649
41593
41425
41405
41295
41185
41082
40994
40889
40753
40309
40091
39935
39872
39520
39490
39486
39292
39218
39068
38924
38887
38880
38737
38702
38678
38490
38370
38362
38170
38167
38000
37942
37786
37583
37567
37514
37474
37378
37366
37288
37137
37005
36812
36628
36533
36299
36297
36109
36038
35804
35796
35727
35601
35598
35163
35095
34992
34932
34795
34776
34768
34723
34596
34489
34421
34370
34337
34296
34251
34126
34051
34041
33952
33949
33908
33787
33766
33617
33590
33550
33497
33398
33276
33137
33097
33041
33018
32763
32752
32736
32666
32554
32514
32398
32346
32283
32192
32130
32113
31973
31737
31529
31286
31271
31222
31034
30850
30848
30771
30668
30496
30386
30300
30200
30175
30147
29935
29794
29567
29501
29410
29241
29223
28909
28810
28705
28021
27957
27787
27734
27705
27688
27610
27596
27435
27330
27302
27265
27208
27151
27071
27015
27005
26918
26846
26816
26714
26703
26644
26435
26424
26293
26289
26172
26048
26023
25967
25855
25844
25728
25646
25631
25576
25405
25228
25155
25055
24891
24445
24293
24215
23954
23800
23774
23758
23615
23608
23594
23321
23225
23187
23185
23079
22998
22912
22703
22680
22517
22503
22482
22418
22307
22016
21834
21613
21505
21488
21345
21345
21244
21240
21082
20982
20966
20840
20819
20783
20604
20594
20547
20462
20443
20382
20334
20292
20270
20212
20148
20089
20036
20014
19941
19888
19876
19856
19834
19757
19661
19555
19522
19373
19370
19329
19145
18995
18900
18841
18811
18716
18684
18462
18380
18349
18233
18196
18169
17377
17183
17137
16984
16926
16827
16737
16463
16418
16309
16243
16214
16091
15934
15822
15760
15747
15678
15606
15527
15447
15343
15311
15311
15307
15287
15198
15079
14898
14884
14873
14750
14606
14529
14482
14432
14431
14278
14237
13833
13757
13470
13366
13347
13331
13273
13161
13062
12901
12818
12763
12758
12756
12707
12378
12366
12360
12163
12113
12084
11916
11770
11675
11671
11637
11445
11310
11295
11229
11165
10846
10823
10820
10750
10631
10560
10517
10497
10256
10222
9824
9582
9515
9368
8972
8965
8873
8711
8611
8590
8419
8411
8027
7777
7642
7601
7563
7547
7428
7384
7363
7288
7174
6941
6893
6640
6590
6552
6494
6482
6357
6291
6250
6237
6221
5881
5820
5505
5400
5338
5094
5078
4787
4705
4658
4560
4477
4288
4284
4110
4089
4084
3939
3800
3763
3758
3601
3551
3534
3532
3412
3275
3234
3170
3109
2869
2705
2640
2507
2461
2443
2392
2338
2021
1971
1950
1882
1795
1741
1542
1512
1484
1472
1269
1246
1202
936
909
737
724
668
612
563
426
377
298
266
