42886
84981
4995
79863
17335
43695
63229
98116
37723
35978
93788
873
22126
5703
78367
92160
58605
70145
30216
85963
45088
54323
84565
21233
7756
49896
14694
81673
74347
76735
16965
43172
10507
86994
75815
39738
70708
78228
27306
14903
37870
68696
66632
3748
30052
67737
62913
59630
58353
5844
15937
63599
85747
95616
47143
9754
57596
82315
55162
85109
21370
10757
84273
38155
76131
24485
55865
71272
60773
70938
33410
41666
6694
74553
73979
37076
44185
92450
66337
51742
3798
14391
32689
87167
72350
68928
62042
23726
68082
46394
58292
7296
12925
24407
94633
862
48048
25420
107
31551
62468
35496
84766
70391
80413
84508
88268
88756
69125
52182
16173
29273
66255
96540
64831
6535
466
98334
81248
4907
89878
64377
32963
7248
98099
40594
69788
27059
27342
36345
7958
12085
5676
88199
52937
82589
54326
12918
49250
4199
67328
51766
86832
75530
1210
28740
32110
19571
8030
94885
17649
89307
50299
21406
47213
95449
44346
68399
59907
73666
75780
31205
17068
73479
87020
93736
93775
48687
28568
92163
65770
61621
52916
72728
78199
74968
44926
25606
18183
5567
99935
46000
15004
45772
41650
27882
62420
95108
42966
38803
12541
72339
503
93128
45083
17265
90138
44105
60123
58086
79655
27508
61695
92806
78632
34576
32579
99667
51265
32649
20398
92560
90638
66972
56180
82856
69575
71110
85000
87944
66514
95553
8864
55527
31198
90773
27853
6459
54874
40883
46203
34164
41835
85777
27112
72656
36701
95002
1154
10082
83158
47721
49520
58172
13448
11366
94381
31558
50776
25582
80726
8077
99299
90543
14988
95884
76036
61316
25739
46709
11840
6927
14689
61340
88361
97643
98183
71663
80374
3998
74551
73828
97905
89535
55985
79424
86565
44739
33794
57890
45038
56518
88166
10329
71059
16432
78848
41916
96413
4186
19157
57527
53915
43717
50417
38867
49790
63827
66496
23678
4754
23937
48396
18958
32047
42168
25675
58667
17345
91693
45115
66933
75117
87019
49350
53864
8058
49130
62678
56802
95919
71272
97037
12221
56126
96689
13143
774
44431
10745
78176
43376
5758
75486
94015
10319
62226
91923
65172
58898
85330
30220
21405
64136
92222
82522
95863
14569
56946
54903
81344
57722
27611
5516
80534
34733
33778
57611
12837
38123
12497
44608
43145
16396
89153
18180
31810
42604
87370
48803
41698
52206
76259
14219
4770
85476
54056
7213
11155
42149
88593
3442
28915
62585
60334
68927
77258
20765
49338
53165
19268
75984
42415
51219
41528
16033
56978
16547
16663
54725
64034
20248
59490
47642
60366
99074
95852
72919
19583
3671
92526
10127
57930
84579
81695
95007
33808
94024
90599
67428
71355
57123
70773
40452
21281
33244
92560
76593
3362
82807
76937
41783
73217
58807
19377
55080
69627
71760
83558
52021
11050
15627
69678
1130
33372
50009
23409
46748
84068
92910
83802
17968
83454
55879
66862
86026
68340
1520
47605
80458
84759
67795
35007
21775
50211
81736
17341
85150
31179
20460
19742
70770
68946
5414
84195
95338
51738
68923
11141
56009
76930
24660
55967
84029
79419
98517
53094
22669
75790
30590
76418
75939
91291
98226
86619
44149
63626
13228
48129
67079
14837
98941
24797
48691
56631
71467
17138
35678
39299
53862
23154
38867
92025
53923
87917
98062
24842
71597
40187
20271
74443
7885
58107
41080
97167
14403
10000
34638
10195
83871
66050
59990
46395
72358
46909
72047
4426
52672
45792
92807
47887
39109
51056
33888
67482
79151
86756
65657
46359
25361
8522
12280
36218
96295
38019
61050
37864
44678
11684
72112
95814
37046
5090
31321
70371
66914
88786
58172
95113
89430
63202
91654
11608
86166
58902
48121
18441
74890
79942
2914
20747
68780
99286
40193
56252
61790
94935
73999
98945
22718
78681
65391
62393
6040
63803
74874
71157
41716
14542
45486
20482
79866
68006
6798
18373
39261
37903
43305
22489
55116
61471
95116
78713
4366
42811
63311
93632
91381
79156
38007
51019
72979
98549
75131
87051
97069
25135
25080
10086
4489
62981
18880
23047
56194
99297
34298
49262
62196
62474
66194
19177
35913
44539
43773
7573
62056
97365
68489
9601
66177
89070
90081
80309
19117
46574
59445
99108
57838
29320
25444
47723
54855
44423
67690
42182
24001
11761
93107
79895
11805
39496
84497
24858
61188
44561
80874
78668
83845
85242
6909
72968
12108
49502
21156
27355
41745
23097
72696
91956
8059
78652
62330
12236
86194
80477
92940
1089
17769
36560
49423
88102
55169
864
76126
32406
85238
21261
77959
38857
26733
13430
40479
63382
87236
40077
90476
81973
78571
8698
14344
42084
77091
47904
41028
41740
26969
81403
59986
75938
84693
33913
14116
44716
23360
21761
83593
76114
1831
25504
13702
82863
97791
50103
74145
7194
60798
89257
66621
52092
35541
17885
33573
36734
25234
40955
25572
17399
85492
27097
77123
64449
5313
46770
23965
21295
36563
2450
28846
91754
89464
84309
53947
23378
59499
41208
59436
9739
56370
27040
28401
25100
58836
91967
16896
94484
33557
59109
74979
67109
52311
9393
65064
74557
54222
11130
94498
63285
78354
28540
99317
64680
52902
8612
24994
40896
99575
74199
9943
87232
88146
58663
16343
33116
34010
64703
72035
15671
7953
99310
60711
44762
94025
18167
73189
26206
23742
30925
85727
85289
38910
79054
65694
98750
79615
141
40197
17551
96462
74322
8737
71404
73787
1428
88729
12449
8792
31296
16465
11755
49516
54033
72238
96035
15734
48359
11532
46413
55969
28734
63807
68427
78737
11522
255
27301
88166
58001
21180
5406
1298
24279
99377
54083
81570
97899
82403
82608
52656
11449
44935
19714
88360
4818
48286
89851
57455
16231
57912
88312
41334
78253
71246
20516
56506
29418
38605
47095
82561
81159
34801
1346
28371
18550
87494
89601
92848
92992
29819
56402
29416
36898
56564
87037
96485
34427
38947
4006
58834
13294
41372
15252
96038
17803
85156
52417
63304
79807
20325
55760
25622
41500
21273
65426
34731
91953
23003
44663
18968
75311
26470
79563
46095
64550
92629
99154
47561
81976
98783
16987
54029
16805
26211
56254
97810
22290
75434
9189
35196
25450
43764
12687
72254
34231
22545
2689
6224
4573
97074
10771
53452
18647
5523
54462
13508
98719
14736
99724
5771
27672
34852
62039
70641
8797
87760
25231
32513
39343
91216
28907
33335
17493
43121
50857
38789
68772
37345
56645
53343
73294
93221
17852
44739
48359
82732
85794
3763
33704
74758
32938
66742
9576
44767
31003
54587
74526
36041
68177
26265
25785
48349
3597
46787
51033
17021
64890
91669
65905
38580
99786
9278
96812
53159
72261
94191
44085
48280
21787
64405
61093
35161
43226
40048
68352
42729
55659
72901
25871
44368
67285
25559
38168
37578
57394
38113
56035
50404
80016
63814
61799
15616
47828
28860
63689
9905
15925
82253
81972
43314
97976
28476
4895
92721
97201
408
74949
17848
94626
52176
83688
61073
23192
84290
75100
52322
19938
18146
27902
14602
31894
70173
51596
2901
30424
69101
68156
25682
51981
98214
90571
9892
27724
58064
96174
14513
72580
98683
33230
13731
11510
18281
93074
25510
4030
55119
82984
76471
9047
25145
35834
18012
21731
32681
88473
13693
50010
35573
59914
78793
53143
82429
9497
59539
55641
69408
18232
53958
8666
42582
3365
40352
17389
97353
23329
67967
70252
68357
6926
71754
96919
47994
4978
63003
81261
1425
8847
82691
21220
53989
49864
81828
10246
95514
76367
94509
12575
90175
35642
76516
98403
55049
49336
98989
97253
94535
31538
89046
82583
72060
7346
32136
3018
46564
21833
844
5907
63681
84851
53193
79578
22014
65399
80569
23577
17047
58832
35227
37579
69744
42497
83109
5040
88785
92242
74540
87024
4927
70566
32871
82779
89108
86494
81364
33646
87532
1952
30847
56657
57837
71342
12205
52582
69060
55662
90573
21503
40558
2880
7564
56951
61692
20367
82103
57524
10879
96519
16365
82248
72472
76815
12733
77319
90902
40346
41996
57266
21911
64438
54023
36175
21745
66023
51220
27365
83206
72481
22789
22478
36609
1919
78389
87499
92942
65286
43925
86854
32927
74910
23967
71745
17150
19315
48547
95991
82401
51104
40637
17516
5527
23571
25027
24602
589
27878
9140
80929
27151
60068
76306
83181
3075
99860
62529
78816
77243
62359
44181
53541
49348
59609
10230
22376
22091
52763
19852
90981
25644
43022
57449
42220
9943
7865
20159
16943
88703
94733
44880
41656
69821
46095
10073
62369
36562
53943
51346
72586
66779
36664
72958
12633
90230
70924
80020
46628
16404
86548
5769
28762
37515
22470
82728
29088
2710
5592
34252
4885
17246
60815
70728
37226
86582
1666
15936
23721
39248
14996
449
61180
44304
3650
53980
83035
30760
21871
51186
53442
31229
75142
65045
47518
8909
78977
25377
47007
40774
39693
57398
52897
5126
38626
20303
83205
98936
57854
49603
767
58572
96230
43393
44299
53161
2267
38158
55598
84243
27285
60281
13344
44801
73367
24082
9891
59483
51228
92123
68359
68763
66295
69851
76848
79647
44578
88792
30180
51514
35386
63050
24692
60936
31901
21506
46563
49682
60007
3477
77149
86474
63997
37679
22960
58864
88477
56449
18415
39891
10008
94483
88942
18873
54425
43089
74232
51479
9187
85866
72680
89534
47487
30626
73238
54144
11968
81204
13293
26126
76473
83411
33430
61585
58779
96823
80861
97088
394
33355
94860
296
46139
2578
49758
77722
87123
38622
96445
69126
28903
25880
67767
95641
35465
191
45467
13369
89545
47842
40785
78883
72016
55276
57952
59403
78729
26719
26423
64043
42661
51874
58498
77425
55144
26699
32974
30744
34841
13415
31261
79903
66747
59940
73286
69268
26742
57040
31883
36261
46223
71992
83723
44653
91921
22369
9873
61820
90721
87322
42706
26180
40900
72152
54418
45885
86704
48822
43908
74145
25500
77780
86823
11049
26307
31509
82420
81712
8926
30288
31936
13930
33207
67785
94686
43387
59919
67991
62320
85261
26380
59896
53957
659
96844
64471
74794
93002
14181
10335
25498
67735
59859
38970
52959
79197
65686
27658
7162
22617
9061
91208
85505
72450
55423
82854
95906
79523
96545
25651
37558
74682
49401
7596
45342
65701
30601
39339
89066
38728
1960
53296
53000
20328
29515
45005
70526
45267
81312
17816
36407
26085
51622
6806
92918
55448
51620
28959
62995
17501
10243
65188
57602
24712
39897
5735
65575
72547
88014
95023
77657
74202
52043
4070
2312
37715
40122
84748
5635
746
86806
67944
22988
44992
92939
49365
32178
50320
14857
82081
65656
44950
17447
75221
90952
24338
99699
25465
27333
16789
91354
45229
74368
98495
83997
81660
35479
74206
90897
62652
92933
23228
29743
64194
30370
10377
85461
92515
71067
73574
19515
69730
64295
64922
95454
63051
7356
88348
42093
65078
37684
41649
71587
63947
14278
1364
94087
96948
38003
95420
77238
97781
53219
2604
25624
38066
96667
44814
17372
46287
92787
17957
27322
15590
78821
78873
7241
29153
57697
48344
56215
79902
24429
73803
15443
79260
90899
29627
43018
384
36229
20541
20388
80385
69148
58093
61593
3782
74408
97685
27724
86794
24093
22349
65875
23977
7069
21284
19076
63160
38077
96192
79692
32259
42429
47270
24721
6174
45634
23191
42578
69945
7014
28984
46495
96893
96798
6856
18247
97706
13349
34190
48179
15142
68543
62717
58194
61518
36516
56080
58555
94689
49576
60905
15830
20812
25961
66460
80601
20047
22642
75496
98093
70948
69925
81959
78040
26696
11227
40476
34954
98691
56937
288
98686
7855
78586
50552
14965
16286
55238
79536
93649
94812
90007
21908
3833
33669
69171
18989
99601
72565
35923
34976
96250
49277
13543
19652
92756
90485
64681
50491
68326
40029
5464
98345
84063
21642
5697
78203
68750
89007
9951
21602
36066
39153
35655
65946
87155
60982
61433
79955
9325
20436
11189
75074
44850
59972
81658
14901
96159
79236
49149
96482
23798
96248
89609
42364
55723
5019
41339
62973
46413
35453
3445
17559
45613
25362
46329
85689
76617
81882
43760
3321
43372
61123
82013
83320
41876
13506
69124
45700
29007
97652
6576
81410
25829
20828
95451
50546
55029
1188
68526
66254
24671
11821
67281
30779
69688
41702
98737
69246
56528
39636
24192
1725
39763
16177
69314
78136
62525
89809
16806
87585
66604
98842
8237
26958
53714
35263
91716
77924
27260
7812
22263
52303
79501
6373
17093
96711
49928
20092
71866
7794
73186
26459
37058
43767
88210
91655
78159
5442
81861
82160
66532
87969
72696
92659
87735
99695
6452
66621
98149
65329
70363
61459
67142
35261
54621
1631
71921
98016
14502
38076
19496
50036
55364
51642
60132
80863
41116
10641
86049
57326
61380
38425
96673
33623
26295
29188
83018
65886
84225
23343
10061
818
70098
11038
61201
7393
997
84348
7942
80434
76279
37400
79781
36230
55093
17689
26290
69448
62494
6192
71906
48007
75582
80484
13644
65635
57113
78207
45443
99189
78101
66050
94927
26505
46603
43504
96703
10448
23776
14410
56867
87622
97559
34127
86303
46069
94501
36096
43208
45757
5137
88170
95865
92272
68295
85903
62664
13994
83502
59372
23566
33438
44574
9182
31182
46195
40198
96940
1022
31973
13162
21744
56086
31115
13737
9565
24360
62599
33608
49860
9066
41447
55310
30464
41894
33442
58322
82316
96948
84524
22578
78264
58742
82483
24889
1648
46929
34141
9589
40815
87007
35723
31857
75129
98974
40758
25742
23994
81714
90912
96811
84741
30845
71471
75148
95350
34195
64800
29747
19687
264
87806
70331
13915
86261
21216
48112
93592
48761
88716
41946
53855
32062
8525
46399
14106
56021
28942
18082
91235
35016
42170
904
77769
465
68807
98744
26342
22950
64578
5618
11156
62306
12092
80226
4771
70234
24922
71120
73746
47180
13577
99970
5846
90384
90729
17959
50537
87651
40943
98640
39648
12984
3422
47152
84194
43497
62637
74213
21524
94557
42473
55371
49059
64977
89414
20861
54550
60004
89152
50572
85211
58424
25056
62530
78006
90795
87374
41241
72746
80526
90927
51596
50544
58332
78413
35268
50082
69419
86724
80324
17997
94132
50426
49631
64840
2007
13339
85960
83811
11233
76508
58504
80486
16955
60968
49001
97177
50780
73368
64990
37118
38595
83758
44818
44607
8412
52472
75654
1494
92637
9404
86335
29234
80166
8413
79159
33824
59112
6191
4744
98388
29038
80907
16946
91363
51201
1774
44320
22670
89603
42111
1292
26636
48977
62559
21474
97349
59677
64164
28869
69263
85020
29915
38615
3326
62180
27349
13470
69293
28903
76877
70714
31141
54650
39252
63830
23894
72445
81105
94698
42394
49045
88288
16637
65247
325
84208
40457
16698
28576
33953
59695
88476
18273
84508
34645
48095
75909
41766
95286
30080
8737
77762
28092
89639
87539
57533
63089
92873
83839
94687
25155
79753
49362
14611
28929
32336
13936
58516
40213
99899
84118
36931
84006
28699
99547
69800
26258
30292
80621
85410
81990
78344
42869
47974
62819
53615
67611
80238
32383
11919
18239
77233
3434
42004
91493
29155
87371
583
2231
56788
70342
15601
52427
35573
30940
69291
14991
36224
58129
77737
91536
38280
88087
87358
82149
98292
92250
53785
71943
2999
27413
25949
49802
70114
46881
2914
87350
92345
96329
29742
62667
1569
42996
38624
93627
12080
22767
55678
14582
90859
10521
96282
67527
83369
69791
66390
13493
5851
50153
90572
55210
81702
74460
95943
59501
27110
47645
86799
3842
31003
58697
19536
16721
92129
19471
15680
82677
51330
78733
98706
88902
48294
21639
38752
117
38514
17438
49210
12429
55394
81165
61191
40357
73169
80747
68451
20438
4137
21580
1555
73759
29618
27719
9355
36536
90843
68540
92902
10654
47643
96304
75884
9926
84609
94411
51143
62295
39458
25918
14540
11492
6104
58560
87178
495
57284
42982
93219
95066
6755
8180
80820
53321
52899
89992
29235
76637
69101
89421
55335
2072
5182
11464
39714
58409
35776
30242
904
50370
85149
45883
63390
88235
74735
89140
26713
5174
44515
25305
34388
72838
76940
38128
36900
83237
31255
42424
29990
78769
50559
97379
75854
20653
39523
34528
95416
76491
37836
61341
64085
43856
74659
64465
31326
60060
6813
7818
99290
48993
4111
11828
40020
56699
66369
61429
47136
33320
52514
62967
38952
57138
41232
16386
5496
48013
66914
47408
81794
77281
26955
77657
81990
2690
60385
45137
16007
45070
49779
23391
84223
74186
23676
36139
21285
88662
30671
88547
7137
39410
86835
66628
74476
26485
79832
16536
90551
56998
18226
66696
14407
97097
86675
21110
70748
24757
22538
97042
33789
80151
92273
41710
72860
92084
84786
77695
59728
64023
54507
21878
41745
12543
95097
58405
44169
52688
82240
74388
73710
73695
59629
55255
15435
16028
53733
19561
54386
76371
81235
13012
15774
15166
39371
95166
13366
14155
52252
6028
5170
77794
58683
5031
57197
9427
84467
91581
24412
29110
566
95238
73991
59077
76847
9736
57337
13710
32104
97057
2029
68238
27629
98742
88230
90083
72959
99783
57472
20874
22894
70515
31378
26030
32032
26844
60398
47369
86265
75994
11570
99823
57703
8538
9798
16402
23266
73518
45559
98128
25343
61044
50973
86788
66226
38022
79255
15219
71668
49257
44598
87225
88671
93045
60632
11114
95535
71604
76005
71500
86414
12931
24381
66103
68031
1125
89806
1952
93166
44942
80086
77614
87638
28764
53885
47382
78025
20149
7893
21374
4897
2190
21989
66454
26741
60886
59189
99823
66956
5653
33745
29516
55480
19405
79916
56665
67869
45363
6270
19241
56168
7888
75465
12158
21667
92415
48257
10417
35434
65543
29137
80253
2956
69575
85935
79578
93040
29560
55162
91115
35550
43398
65391
26087
1648
34327
86255
10202
26705
57388
82141
6244
18552
68224
89312
23898
49835
68046
21428
34162
51472
64115
46228
66545
64698
20365
20770
2096
95907
6138
6562
97061
6855
38285
41067
32501
1609
28315
9055
2886
2792
46031
97520
18219
49513
25500
81607
84485
13846
72068
84399
89830
13850
40124
38236
55928
24309
338
73976
49732
13951
8554
55656
37002
38967
45103
83236
17901
31648
89669
16777
94095
60008
62956
56092
29013
10263
16447
10928
73401
70994
33107
58034
80600
55965
58363
31670
13652
69792
42985
81999
85543
85818
43819
95735
74906
29702
81874
58259
13725
38680
65812
48347
88739
5828
17726
16015
29708
7147
4398
84324
40341
75487
14426
98559
45892
31637
34884
42045
19985
59416
69155
67835
54097
86261
49050
31137
44989
29679
3574
47462
54003
23373
62149
42788
7597
78481
98295
41153
85809
61101
63843
74067
42015
85959
22101
39417
12499
56447
99251
72603
78320
57697
3415
7545
16493
46590
14395
76362
60605
43732
77779
77256
85347
48376
77904
32189
78805
77711
69601
97764
45649
11583
42503
7336
78079
86262
40339
66629
3766
48437
57742
52202
62589
38716
48368
72030
59238
63098
46640
86726
3533
54963
44005
52999
43854
40593
95802
67194
43050
1173
55105
35580
55058
11172
89920
92900
15825
6260
15089
43127
67635
53553
36496
50026
96688
86738
32520
88693
67140
81085
58273
65001
43844
85607
35714
50144
29312
45466
54883
98733
74209
34321
1543
64391
42213
81152
78416
28987
94973
4677
41748
83328
43259
74048
3763
41439
8509
45863
79080
14932
6630
82723
52576
97536
45116
44116
1259
18770
74961
52103
97462
35661
54864
99800
50020
67054
48422
13991
55256
52050
10380
52106
59367
10009
36425
20302
57215
73441
40560
41860
83240
16453
38962
44747
43560
38023
54585
70072
36641
63900
30602
82798
42583
89808
14470
35268
60289
1196
1635
17205
75020
38655
91982
57356
86030
9696
3168
56178
62914
9131
26104
73882
11128
63201
61954
18438
9348
36420
54861
78704
99701
19912
41266
52158
46841
90378
61850
19588
7114
47176
91683
13593
85531
49045
77756
10680
67770
4396
85101
53585
96698
12523
26985
82222
33723
77300
73393
48713
53133
65057
63368
79743
27590
52403
81075
58145
20895
63278
56611
50475
65815
37533
18125
64420
49515
23969
87973
39641
24189
53574
27501
17929
92301
82788
77328
58328
37456
84977
78804
7172
24150
23008
46093
40929
69869
63314
62412
34102
59883
66751
36938
77551
72775
88467
58714
61402
41933
15037
91904
94261
18881
54754
7319
22308
19914
78227
6856
83184
98225
56693
10356
42909
23278
22533
6152
87362
32387
77928
33536
13900
73833
39231
59944
95706
46009
99578
98480
93792
15975
53405
92189
93794
19287
16794
15032
10161
71135
47310
17480
94888
98235
31327
97120
97957
30548
5258
59878
12380
7776
54193
34071
80629
65552
72927
27653
84599
6031
68507
19789
21582
89919
60230
3335
66987
41579
55629
76491
87105
81828
40894
44050
13058
41249
33413
32401
25137
68628
95553
46226
72887
51021
58660
51528
5939
8336
92644
34242
8557
98625
50579
65180
94897
82049
90346
76971
9536
33672
79504
60964
80554
99252
69791
84856
94422
54228
30000
37348
68148
94580
49270
73319
78814
89455
94837
91757
8632
34043
49626
10758
63460
62454
11634
90953
54394
59562
27615
12837
61101
71422
82403
20176
79900
27758
93358
19687
38630
71950
75043
793
20068
18109
84853
94809
42515
2000
74907
36124
45989
50882
79477
59834
46369
95462
46439
23297
46687
92832
88881
93404
47266
8878
93657
4089
24003
76077
96669
30345
48689
90176
28419
6923
38371
65410
67893
47533
14341
80859
5889
15495
94315
81526
94501
41486
66398
3747
4325
24749
70744
17835
95624
20430
35448
69454
481
80266
54041
45739
14587
60186
4525
59837
35997
46125
1196
60163
80979
2736
86586
71274
1786
39358
3174
33995
31420
32042
93363
90187
9292
11404
26216
36197
48097
44137
34201
10596
90017
43728
63035
993
41305
13310
30423
78926
42623
80149
19554
61011
63966
11912
53981
40404
66796
15023
30963
94648
96199
16569
40036
33519
54228
22673
62210
861
41673
62588
2360
44360
56281
29260
2203
651
75378
91094
48495
77777
9371
82141
22767
46344
96791
68923
41204
58533
49882
52878
88555
3926
54807
6810
91784
64041
21599
99284
31575
70622
78189
19514
96541
72309
26890
62349
77611
13931
43236
67439
20374
7279
92720
86764
4981
47966
93018
53157
55981
3490
90225
90323
10081
14132
75565
63407
57272
37603
74266
26807
32154
53132
79095
35683
43575
33059
22295
84140
63316
90546
80142
57503
58451
75410
9963
15470
70030
1856
64078
81279
75812
46174
74106
49224
33600
12389
37856
94350
94914
23614
60805
31640
68699
58550
88349
91884
95385
84937
23070
43521
28118
76510
56774
53868
99003
67029
63932
99990
36469
3362
70545
34893
47563
25237
14575
58556
55586
75222
11682
99201
7375
48244
36166
67637
61709
88138
33407
57919
41025
3997
64789
89583
19572
38310
89000
1658
63815
63426
56665
9106
68583
26330
56057
11353
80956
15815
11709
22831
49708
76716
10721
53238
276
53289
5373
43601
19049
8807
10738
53314
68164
15553
19789
39425
34997
27638
20801
28330
95370
3056
78299
7976
48376
791
91132
19649
17467
28626
72781
32077
70152
62865
5306
98630
3113
35008
40591
94235
45097
30694
83190
73891
34398
84375
12838
38716
18646
58692
59412
78749
84225
27925
50320
95065
3454
94267
86552
61186
72501
3936
11964
12979
11463
76760
25275
46622
62298
16306
40158
96734
81223
78830
8304
26768
49850
28912
89512
67460
97232
42460
54063
21399
74673
78214
91125
46198
70751
45747
918
95501
73201
85988
39896
69683
60313
71531
89223
9903
62515
21662
12921
57789
9932
85491
61448
55451
61769
48327
61216
89970
64969
31950
35993
30127
31223
72940
26683
63021
48630
55816
71903
59445
12163
30735
90344
5691
36379
98229
12470
51757
70856
96512
66975
85481
47002
72818
23206
3686
16416
37957
37577
47217
792
87000
63406
52505
14686
27980
59805
45786
53749
59953
136
96997
41798
82010
17445
5182
26305
39129
49680
38487
54453
53539
67640
5515
38709
45461
47104
47500
5704
81714
29985
39696
92410
50128
88556
39992
35500
70869
33812
68916
90329
38570
83996
93851
10943
10371
56890
92883
93970
4655
2343
69408
41005
56117
71514
91715
35830
10168
8850
39232
8569
82657
10375
41268
92360
48187
75849
85374
74790
86613
82544
26256
80991
53976
28458
96501
43636
44069
18280
6090
62527
91240
63593
29047
47305
87614
46664
54769
29076
27276
54565
1363
12290
52500
74548
47032
99597
55110
83421
4038
43431
44595
26502
17401
73421
56199
99016
41081
88313
92886
88320
81178
71758
5087
66540
41306
31301
51050
54279
4272
1300
75101
88575
58796
98494
26777
57616
42400
64690
63072
81957
10337
70130
62990
99227
94259
85758
88899
52991
29635
52540
68885
81838
82431
63173
48731
25164
48519
11109
88910
91052
86308
11914
16730
43166
13962
52662
87698
75996
85608
35436
2332
80379
23554
69030
53008
96211
28009
85998
16924
937
70902
44637
86347
35757
32762
4315
69443
27925
12192
20639
87469
22419
82538
30163
63371
60204
85268
55964
37798
48250
79595
36778
38844
90155
35516
362
70735
2401
49131
40313
62768
13289
80459
82719
22815
12836
90382
8483
45118
1512
7602
39687
35612
12321
77029
80977
30075
39999
85501
57790
28854
59587
80620
30476
62715
46097
8804
83659
12815
59817
87796
854
68528
8628
64692
40052
19191
45751
47383
89052
25463
49824
37046
70154
54425
43452
99938
36813
85066
49065
78526
58612
30964
85475
91451
25496
54414
7108
60503
22697
12349
64303
59525
49817
3033
43535
66959
30041
10306
9410
65018
94698
69537
16729
4833
32908
62350
42205
36853
1854
81790
67942
54093
25664
99525
79940
7689
36784
16522
13973
9391
10298
14299
31466
32392
45471
98012
1476
85188
6523
30130
21096
72021
15959
59472
9905
31985
10561
42768
24090
48518
9321
3024
46425
5707
20591
34831
19459
56555
82623
20926
62108
17299
34543
93007
25830
23753
40777
35272
32099
33789
11679
13287
64766
51087
95145
65841
80105
84101
42385
32466
75448
37613
57657
25077
444
4564
33939
23274
53512
73161
96511
35689
21341
82959
56627
98203
31506
32198
67451
37157
14194
30388
41910
52406
14094
44078
5033
42707
93340
35404
96423
99716
45720
24690
77998
35397
60888
11270
61726
22074
26023
78647
95624
34747
36915
83057
23549
88072
33957
57942
21104
44782
22096
64865
52121
30510
78352
11236
76818
24424
13220
32595
61840
7200
36643
45523
13201
48769
20220
36888
71114
86079
31189
7023
99174
75688
37134
62424
5295
40801
48686
54063
81221
38591
15325
5034
31784
18972
6208
39384
9710
19228
9761
79362
40256
58368
39923
95173
28127
82449
84934
32427
69312
83392
70189
71484
51572
95205
82096
47230
65701
28752
22677
30227
42045
76463
59723
76375
31348
5834
63177
69192
4846
40118
6648
36230
7791
92770
70787
73879
11517
17756
8082
19112
31266
33702
1949
9511
75150
57157
5140
64529
64428
55804
29078
3687
86446
18135
87856
69129
41390
88571
56703
24662
80048
71647
49463
71931
90471
71987
14962
6752
81018
13881
91753
70201
84929
9284
69375
51562
27597
51926
6726
40203
77160
69840
13741
97379
89340
90274
54503
50610
71975
73865
7162
92918
7291
42649
46394
50783
10637
10683
34603
19524
76302
60241
12286
55989
70927
98971
71391
87792
41470
1093
19320
42817
50798
12811
18069
61707
48875
84223
1168
64006
20361
3049
45017
81931
84507
75832
19901
26119
7213
39673
78819
26906
47681
72428
190
80030
22522
57790
56374
9654
79909
64876
470
95207
39821
31298
17037
81055
27558
7518
5264
5807
35956
86713
63330
25911
18860
44075
42954
78261
21729
38891
86776
14629
25441
59482
56544
27839
33631
66321
37943
48845
91012
58352
92754
74620
94783
30066
15881
93575
47898
37187
64288
21857
95738
33765
79826
7558
64542
79972
62384
23882
52109
74007
38403
88849
27895
23953
33971
95850
9416
43780
28766
18084
16187
93952
80104
57693
83723
12572
40972
53563
20834
82963
47154
9439
50228
23174
21204
33441
19491
77381
10880
56771
90978
61191
30902
90311
6684
92358
46404
45749
91275
18211
26513
95992
28961
41706
36343
80828
91923
23895
68340
28684
67607
25469
74980
47715
29779
43971
62112
72996
82228
39612
74913
47056
10832
55649
49869
85305
59295
19831
16410
15201
35194
86153
33531
83847
81337
33155
21503
16426
81644
38299
13410
12827
31755
9362
64337
79618
78181
56713
32101
34213
86881
77031
43682
82318
56312
84560
14666
71189
87950
20107
51594
60709
36691
48624
51361
62517
96820
5620
31481
83747
30815
9669
52199
59617
34946
21337
1055
36054
93347
30044
10734
31169
49804
82059
35934
32626
39593
70457
33718
47000
62059
74114
82763
74424
73036
29489
89605
12001
99650
6985
83587
79221
18954
65586
1733
96503
68643
30797
67306
88886
82674
60914
47904
13689
49395
23357
37649
47702
86684
72678
25516
86154
67257
25448
61407
46714
91749
39753
78160
39604
52050
76571
54645
76250
82843
66763
64466
25410
59038
17378
51451
37892
73142
57780
6672
64409
51124
35350
17899
78123
34413
55041
67348
3225
4008
71043
92360
24517
12591
11510
44385
43646
95281
66054
38191
34168
3587
88252
10374
71500
21374
98321
47146
37855
99770
12123
67030
96165
56695
8043
51557
7585
97395
11335
31704
44359
97196
3014
84578
23461
66645
22275
30525
14368
77524
81381
15595
45389
54245
9888
22954
98500
31468
89934
24375
16662
16860
98014
97189
70757
66375
72502
57995
37905
80381
11392
76422
50524
8014
58992
46153
46719
34730
25957
56616
32430
13393
38489
48979
71585
91044
15696
16037
65007
1234
5599
48795
80542
86185
75864
39409
5798
13535
24500
69341
46903
319
29104
62988
98315
39910
50810
13878
33743
60656
64543
33050
18626
22071
46062
50840
71252
88948
34037
15235
28585
80073
41936
59233
12675
80441
6993
98000
58606
38202
76280
57787
27730
20226
37077
43556
19609
93028
60250
51841
31077
30874
27170
44878
2399
54602
9024
69011
21475
73288
46364
59974
81144
39213
41059
29714
8630
59976
18088
65394
76562
5210
13720
68647
94000
27770
3631
5308
65766
39663
19610
60073
79926
32444
3866
83169
41247
87392
89456
35324
48730
24366
4689
49377
59569
98483
5301
28516
75567
61043
36752
92957
38569
8570
61199
69566
29745
23997
30482
20225
23131
11614
14721
82504
25106
15467
54340
3581
59308
43162
56954
11065
21905
104
26545
91276
69855
66727
96602
69171
76990
41914
80932
24854
81969
9667
21525
90604
50939
31416
25998
52465
92588
91855
66998
32690
78839
44146
48613
10485
49134
39511
59067
18296
58464
43737
18775
83158
30653
17121
81896
91373
16345
34575
99029
85857
5624
51961
11192
51352
77121
64468
75943
51610
40987
80404
72707
46847
16910
97503
76402
28013
79303
22597
17365
24714
34164
41834
81919
51501
58404
25995
92967
57398
36440
70582
6400
12531
15367
82316
65624
22358
12159
5789
47839
8478
71537
34781
97135
59091
20168
19902
88198
94065
4747
4948
71219
29143
624
63632
79070
42759
26514
9500
54535
69815
53009
54472
85160
49761
28773
26978
78190
60733
89784
47442
85192
2754
36584
89314
98624
23260
84339
64821
10574
94970
67329
78910
25072
79958
93353
65729
62960
40005
48264
73145
90499
51761
99064
41784
53555
53813
90805
77386
399
18183
68826
15534
39247
50774
26814
32298
29389
76205
33373
49609
15534
94948
34544
66092
71823
69835
62265
51963
95774
76408
70885
36319
11469
13629
30859
64079
71349
28498
15245
42100
94488
41817
39072
14626
25743
56368
6870
36702
97976
3559
40737
31839
85327
11450
43914
1142
4904
62483
32084
68739
98801
7139
20900
21029
49334
48666
77234
90553
75856
47781
72167
62076
99243
64948
11191
20399
30718
4259
99903
45966
40733
21827
65126
59735
82673
76061
43748
81280
7566
15875
67381
68826
22585
88251
6683
22266
24741
61351
49090
7840
80318
72953
84315
86201
99455
10290
23549
23166
1210
9573
49517
21895
51502
79231
96298
15347
10031
25863
23087
89189
98243
6939
61726
89903
56907
31052
95513
5758
57220
58548
28035
18829
66257
28407
84543
59145
97486
89947
51576
51924
31999
54395
47458
19884
63260
69882
95352
93838
90032
11731
77859
85127
30652
1029
77471
82519
34218
69130
66327
30459
54847
83486
22883
42741
33865
41617
63536
64137
80301
31362
67535
11465
31832
60751
95069
83351
87275
7236
64572
91210
62463
34836
12102
68418
50163
67869
1000
33849
10195
58106
82613
23842
63605
38110
86517
11533
34270
73854
57643
99668
77092
80252
8121
65665
25290
9662
5455
44146
77864
61541
84601
8759
35156
1313
22305
31474
67426
96826
44640
25580
53481
61452
54764
43509
28706
16391
88344
34976
3511
56263
96030
69169
68836
99337
72911
25982
38943
69759
59332
22980
67046
90798
3600
73118
59048
59371
78019
14537
67206
82794
97481
22364
66274
44765
52526
9136
68843
84240
7754
91527
44554
25690
9347
66746
26296
22906
96754
83962
53445
32075
90618
84288
11389
17860
6693
86590
15853
88778
1306
63605
9979
93264
92690
68103
42811
96912
54075
59917
68506
97408
64194
87808
52712
74709
15011
56301
74726
66440
82965
26670
71416
37558
25017
49367
77192
1774
5628
18515
26472
2227
35896
82411
9590
59279
75247
38538
27541
81655
46286
96919
67830
90797
67827
52897
29085
5308
28238
18024
77178
23119
67095
82710
1996
40115
14578
49532
75801
6441
3598
54592
5233
67553
66497
75917
6002
11492
47867
21496
86543
23863
87218
73312
93298
20452
20486
7289
35207
74480
16706
55769
73109
85667
92462
59945
85794
12997
30698
62752
48773
92022
91342
82852
24541
44492
81184
63649
76412
94728
7113
54584
38448
25209
2735
91781
52019
23004
86470
43700
89211
6116
97257
49355
90758
48946
383
14680
85814
65540
27783
77406
32916
82601
22530
48482
95118
57320
7480
52461
62394
98326
10260
42408
58670
70015
81036
41707
24067
62133
74990
61548
77706
530
35005
82849
79576
37855
17346
54784
51550
61593
99423
6053
14485
98642
60668
3805
76588
77707
73479
35862
44631
6631
70903
34252
8106
25443
65507
12411
22464
25758
81438
53721
52101
92788
78549
59738
2606
50392
94313
57813
35855
21313
95137
72093
39225
24251
71388
97075
71407
82243
58357
11551
5145
19639
78355
29104
99133
21038
84226
36381
6123
98048
72298
30480
51906
96180
44977
38223
16218
8897
62459
83481
69112
36585
38275
39211
87769
99874
82851
81492
635
56370
27657
97950
38902
95911
92986
73516
64515
19067
62139
66539
68382
44020
911
58119
93724
50158
58705
20412
87779
3227
38697
2536
40179
74298
69271
85800
22999
89683
92570
90544
30974
14369
16141
91069
56851
74926
25870
14010
81125
54603
61737
48811
88537
99794
76026
33710
32377
51929
11034
73069
40051
63290
62457
83558
6063
79047
13714
47663
35039
44598
3067
18082
16190
36189
21823
45249
4019
28328
74189
97422
42204
45383
52307
53868
37303
90125
23865
51789
96455
95547
67505
27673
45587
60174
72831
42438
88678
88159
2999
31809
82277
17979
46927
78454
63223
60039
30274
90284
4066
70204
14951
98029
12968
25219
14763
63607
86342
97422
56230
17015
64270
5299
12012
95369
15252
107
71957
69836
99630
37958
64042
63008
62614
92418
92010
30379
44552
53140
51986
37588
38305
95753
99020
71189
5028
86568
6333
30860
85092
92831
52223
32055
82304
47731
67368
63943
57894
22786
67563
39211
67701
63273
73930
45260
60800
62131
49730
29026
70152
85369
96128
30792
74619
23515
6357
8016
95286
44012
27092
8052
47123
58044
10393
60073
31840
65309
71950
24584
26914
68034
94330
6995
32785
28897
73699
56033
42630
5466
43018
19807
20066
36311
75775
24033
87851
14893
6235
85966
50126
19477
63290
15328
5582
73754
24618
52250
74433
57079
43753
96068
60987
42133
92273
39589
8071
3974
79707
82352
65000
57028
6539
91834
58245
10839
51839
83461
99977
63955
60302
47140
25738
55510
31996
72195
95063
73526
20573
22650
39502
76348
37660
71795
27075
32730
34511
32179
4822
19123
80599
32581
22000
62570
34093
14393
54137
65228
82791
12713
74388
92381
25335
53585
12734
88046
72157
9991
16770
94132
48856
66483
75677
47459
8813
75456
78331
42589
24202
85665
71546
73698
32918
8714
35221
58944
63733
57403
81814
680
66451
34077
737
64069
13625
86569
82005
24891
25389
67885
69969
48112
13353
17602
73065
94305
99042
5803
56823
40702
22068
33960
8420
97578
9368
80757
74085
34529
86586
20487
63370
21738
12090
40945
67975
78802
18756
24624
97484
75244
40666
37859
77908
94375
18326
8936
60506
56817
17622
72073
99193
65567
23029
86046
96582
89935
38590
6322
46893
27359
13769
1235
83519
9464
772
61003
19443
10685
83624
50897
24853
29210
32315
10208
7600
28385
57789
80404
91434
52533
7694
34226
62658
45517
78098
41709
34956
69489
30718
72328
3149
98819
39713
63841
72673
17082
60570
1428
21961
92275
93129
71211
70226
87970
36663
30203
85638
78881
56316
12705
11847
36863
58276
56421
55051
85358
60969
11725
75312
94132
13458
66483
66468
27236
29742
68789
59627
73357
72178
11555
28091
53513
97769
70026
16723
77828
72325
70055
47265
34606
16748
98127
87381
16241
94130
43928
95118
69887
88847
94933
14577
15040
88591
28197
36103
82958
30717
49039
82616
14058
54144
28926
81351
79566
39957
57423
45249
53841
59417
52439
24234
99776
81352
65218
80854
31445
8603
45944
36453
70700
96721
31269
77618
99684
82552
98211
95882
13294
71109
47213
86797
33990
64634
95872
39221
49492
48090
22586
50951
23328
92694
55816
42999
13521
99163
7875
114
20377
81729
45405
48600
47587
90341
78046
48760
14824
49011
12158
83990
92215
24185
98081
6778
68356
88129
24090
32428
36359
97211
47876
66578
28346
89968
43707
419
7356
54324
56394
85959
2146
23679
62619
86134
13178
42087
19108
93586
40871
26763
17032
94912
35033
72225
51557
39676
50883
27357
7910
620
25144
81180
94356
11689
19107
58173
49422
37825
79043
45091
61038
57882
24731
2164
70720
22407
2208
46432
49074
18445
12907
9214
11163
16630
85206
17371
321
38409
28576
63488
78420
91547
88068
84875
14668
49317
2383
80838
6455
90888
37975
79503
34675
71783
70422
95989
5677
15040
50453
43611
35941
3405
89071
9429
98502
7175
53094
92385
27856
91922
26172
59727
99158
34176
4260
31181
49380
71682
10191
35395
94535
1519
18243
51578
63774
43371
54222
65252
43890
68361
89405
92309
16269
91499
46462
5674
34735
2432
21130
62617
49977
75596
78163
83921
33370
88631
61488
10696
90220
88970
49349
81507
78507
28421
4696
90886
62160
45660
47491
61413
8165
29098
61332
3733
68822
50585
2400
19280
21042
51781
53531
34758
29003
92415
89706
63187
97876
84803
16230
20450
97231
53679
93538
32425
44896
58726
49414
14836
28250
88726
95979
23331
98399
59480
53914
50430
1921
185
52923
62673
85795
78159
91903
2539
20545
18715
96728
74894
63126
75209
15088
33332
85383
33541
32963
12357
93211
61943
84472
23934
67157
90137
82906
54090
36860
3697
97085
55792
36767
74815
37990
79780
47336
72358
72961
68066
93804
80916
1583
40410
49755
99130
13310
17570
75823
5659
91240
88426
95622
95395
18995
19350
13733
26722
85283
68438
25328
88133
6419
34687
63411
46193
15371
61838
74915
81887
69728
77758
47872
6047
36246
15831
13414
68881
30008
72259
56499
13908
11924
86479
51329
73886
74142
65412
53198
2861
14344
756
57293
18047
59570
58150
35600
96491
646
99072
26739
2624
53093
39702
88813
74880
26521
17076
39106
55261
98524
93801
54884
72807
20305
63727
12828
69256
98916
35136
28106
91208
4665
60117
41581
90326
47537
56332
68367
88031
40468
12072
99928
2746
10705
11327
55103
13184
83800
57329
65273
94597
32305
8418
99730
30465
71561
80297
26919
48493
36136
97892
68521
83349
40765
46677
91801
1144
45865
84499
52105
84154
2285
31707
9315
49007
31810
62629
8687
44108
58631
27602
58170
37181
68173
54331
1371
84886
82145
61155
98299
90030
35658
79702
61251
33321
91031
17834
33299
78227
66323
23139
19397
49111
20945
75387
29672
86306
52239
27964
24893
11026
6682
13119
13116
53861
19899
37591
28152
52221
13813
76965
1736
57785
20257
99702
20292
34618
81977
38455
73683
40729
30602
22106
68190
25354
99825
51901
12101
2478
27629
10867
71880
31346
89802
3599
91660
46827
41364
58440
36478
86284
56724
30512
11476
42851
40832
20529
95585
32878
73156
57614
95451
60149
82597
20219
52099
42389
16916
3194
42225
31968
36522
93416
99302
93231
51481
22440
61957
75484
80372
61067
1360
19761
22229
45576
97278
76573
26150
4201
38380
54074
77882
18437
60326
11945
9594
32296
25771
64468
81144
99475
3863
15830
2309
28546
30262
13674
64239
44342
94752
99542
77452
41794
65954
17327
53042
76706
88815
75957
74133
37856
11405
8816
53407
68647
21375
66892
32515
78258
58791
56321
49784
74766
10448
9245
43981
36728
7721
9081
79697
17012
73481
41775
50188
58339
7984
98187
80229
34832
69408
19563
95531
90114
65633
19170
64608
74459
16031
50869
25696
1485
49026
19845
5568
26925
85528
72987
77695
50219
2492
32519
83415
37629
69169
13815
59574
12831
84049
29778
67991
29580
34233
35220
12361
90452
9249
94063
62101
6917
29763
50825
30002
21625
90172
92495
4445
38332
38131
48316
61440
53924
38893
32114
99873
33253
2252
61720
87400
15778
47896
62068
40274
53641
77965
98381
57878
42727
54312
15773
7209
86946
5308
41617
53404
40965
52745
69767
21754
18462
82839
32210
38920
61324
8843
59483
21511
99997
37590
47013
84858
3011
82906
82657
24685
62734
41875
30548
8517
6566
9339
55958
22929
62159
46001
37844
35665
99770
72601
41750
23680
96589
49877
68867
28557
2782
33609
22949
67145
96180
66341
82478
99568
19442
81704
94547
79128
82837
42926
55325
72773
83828
69183
70654
37402
943
28263
89282
80908
17213
15116
61529
86820
88269
59888
47470
64051
5152
58648
43322
83581
11191
76797
24755
68946
83598
39929
73285
84277
73838
37819
98978
40210
46220
29703
6995
13520
3624
42059
86802
3318
83111
22455
5937
34978
15408
34243
49154
59332
83702
4644
96729
22003
34590
49474
26005
8626
58177
21094
14443
57932
6
22520
35856
98742
19336
28802
75570
75239
79662
94614
76492
91684
49174
1789
81072
19391
88636
67008
75490
70682
40987
21581
14847
28062
6779
66233
80493
47516
46444
10989
12384
71932
26222
44915
9414
89315
75455
88196
22640
27977
92878
56504
81823
42253
47787
54303
17678
2941
77236
20874
95725
65200
8583
23815
35252
68724
42459
87378
3702
60937
56443
88178
60844
73107
84598
22121
75100
37314
45561
78240
19498
93796
1489
64102
46158
73289
428
90776
86688
66097
62394
10648
48540
51606
10167
82338
94826
3018
62617
71964
16424
72584
80112
1290
62265
24699
9865
13269
65439
59963
39502
11244
77361
64675
30942
13839
14624
87474
36804
75958
30246
80694
27386
4629
56605
99304
86902
5205
11606
63180
64306
94429
93279
55014
54975
60706
18540
7943
70622
32903
68005
77134
41284
54261
38528
29901
83168
94040
2157
19352
28469
74088
48835
72902
2516
4401
79901
38764
31991
6165
66449
19747
14711
21184
20303
30978
42170
73093
63353
18808
61733
81419
57914
12746
3355
42533
68043
4890
70514
61865
50421
46897
74323
70371
88704
48019
77833
75513
66337
24665
77784
19791
98122
21083
47752
65677
342
70535
91097
8771
96599
25784
81063
63461
21848
42447
19772
34140
34578
73577
57169
16654
95899
48108
27298
73876
23438
31241
61606
52959
54262
67897
49920
74561
37556
19213
82419
23328
9288
92891
75077
19627
63977
79370
11224
93579
75547
89214
36403
94656
36638
68579
16811
45205
26823
40527
94730
85588
63028
73139
32984
88263
23420
21555
97002
47329
58585
50858
66887
49073
48158
62844
46312
52154
63849
44948
67124
16410
69485
76307
22494
58627
17701
55882
88154
85417
86931
81184
35880
81112
2626
41162
77798
92509
81899
7220
39783
75747
82634
17047
50540
57376
41025
61919
93175
91334
5842
118
74840
21287
27457
28605
75786
72655
92029
23922
22011
18843
47668
48211
33611
72516
9997
34604
2631
39627
94722
54476
8116
18988
94391
87971
87389
79241
51704
36262
28010
27938
50656
25713
28666
96328
28524
68083
74830
56552
82736
68813
47933
23607
74194
96418
57724
86547
22929
81079
81337
73965
54733
11720
42921
95620
14957
10913
77154
6237
32102
19957
22885
98503
79175
35107
15611
67641
74475
18396
78691
42129
43119
75035
40931
96905
47857
54995
16833
18402
72113
4145
60506
4249
53248
11889
71173
957
34625
23407
60302
27326
21325
33299
36379
88793
40034
21410
57915
9618
43162
41353
79786
78647
44744
95723
17411
38398
32812
60502
31866
33170
88988
21189
49213
82590
56732
42729
75975
49153
74538
17645
30319
62797
27515
22890
2920
66769
82496
2678
8660
94400
75572
86901
84232
45265
83730
31473
75529
33143
94956
65927
34580
29202
6812
86164
32832
46908
26487
60570
19576
42576
419
63232
3358
845
31624
39671
18173
4567
69190
76438
44763
49413
35234
11747
40660
63671
7807
10324
73980
15512
80265
1535
34224
18949
39416
4687
68168
67694
62471
36687
93842
15352
77934
37611
81413
27946
97989
46846
24498
63495
97084
65936
59671
29017
17460
11201
57782
30205
24986
29232
48633
48791
81666
5326
66899
67380
68404
13127
42253
96299
19072
12480
46801
63617
83505
61228
26307
25987
79600
5428
21111
68507
78119
69604
68213
82983
54505
10124
17792
27129
17994
37913
33025
61159
48015
80137
711
80301
64447
20917
90619
32251
52378
70079
779
1533
89505
91476
24671
3113
699
94108
79694
1208
64513
71976
68730
95011
15392
72195
75173
5110
72972
1837
35039
67482
97849
96940
6772
68238
94057
2321
81037
55134
27636
20360
5439
98155
99818
29668
6622
12936
56735
98678
49798
40628
85040
98149
32018
23448
59967
61814
74192
58319
52948
72992
3216
40390
57732
47426
64187
48448
5955
12488
7585
37789
30289
45173
21301
2105
64066
55699
63127
21183
35972
98590
33243
56664
77586
28633
81299
71065
76025
57079
47411
12955
13761
19221
63882
49153
1433
81738
66942
75545
59326
32987
8957
26992
26608
4470
49323
11832
66329
41351
74211
75441
24852
29543
9421
26844
47144
81095
83369
46994
8486
448
52778
50273
47411
44856
37830
76396
65818
70672
30815
44504
24082
22393
27179
38573
52502
77659
80961
371
50062
343
86720
14614
55337
30813
90771
34690
96562
67220
5786
15010
577
54959
64239
32987
74742
3014
6887
43807
31657
94813
37765
66186
53763
51417
47517
10409
72184
44285
92768
6223
23037
23698
43089
2959
35317
82449
71355
55785
92438
60725
49615
69454
67700
33085
90533
46334
4925
48366
95940
46560
37400
75228
66919
11095
40229
47677
11690
88728
53928
61626
73751
89297
62457
56226
7043
38620
10850
94969
2094
67474
96676
19990
33867
83537
71913
22969
10456
47143
4439
64806
43549
38046
93861
61844
48982
56966
2784
29886
37504
67144
12983
74636
73733
14292
90904
62105
62176
55477
68240
88245
29668
88169
99317
29599
15106
43749
3613
40779
86486
35406
60436
30134
63469
43261
70078
64730
2960
34879
98028
95768
7538
8379
2159
49842
74718
20171
21851
9050
91683
81372
62012
65141
90415
21652
8800
17687
66542
22623
57304
59430
57562
91847
35574
32750
13538
34897
44051
13896
92541
48159
65860
68071
83631
58757
44671
34765
70423
27137
70240
69178
65815
27408
53552
62387
21075
83732
87708
80189
89799
91394
58681
26874
62251
51289
65335
5576
72468
78539
1673
27166
84910
21095
76200
61853
1970
32761
68984
43897
10775
61633
33608
25213
77714
90518
66195
23305
19220
65635
14855
41497
29496
3867
28414
1487
43099
820
67361
64008
1139
18544
35597
47719
80172
70821
4368
62143
43834
80813
86166
99680
64397
42966
14722
16629
22325
70914
47584
21433
15699
93445
39423
18251
54724
25512
2216
93012
443
39045
64997
29597
15767
60822
95714
79859
16926
93336
53113
12821
23479
73321
43490
84418
92273
38423
95408
69144
26695
61871
94024
79963
65176
5124
44901
80649
30961
6057
84924
50786
94295
44832
27276
45625
50089
96940
70651
41802
18255
91260
64420
13996
95623
16669
84084
47616
77614
46708
41208
35862
34675
9619
21167
69516
27374
77893
15861
96910
40169
19540
6653
20506
17042
61768
5036
65960
24876
6322
82739
95360
65021
41814
4342
24404
77050
88843
61115
24990
89394
75892
68884
72560
75986
65784
57197
41894
84737
602
78917
88593
74099
10580
76258
12582
32847
58382
66469
97714
22380
63883
35846
54220
65142
92102
53545
64555
87096
94972
87048
89094
81421
9555
42176
1077
2543
27827
32155
4204
17289
95571
18939
95569
77440
34428
15680
66761
31721
42912
30941
84808
73710
76485
17137
78293
58671
93779
67189
98927
7221
7672
9426
18071
87488
21442
13511
57967
33804
71721
94427
7964
72902
2417
90552
63815
7533
39910
7211
72695
50155
88441
45883
32771
49774
24363
27417
74544
65294
88967
81594
26183
76332
65747
24713
10595
68470
11837
88774
27215
85909
36284
89126
4435
33305
21765
74479
3145
16467
25949
71636
81729
49462
78812
13442
9391
43967
42706
49940
80919
73187
30737
76814
27750
53902
19142
46102
44543
54472
45314
71867
57688
46877
76781
6091
7616
45592
48249
33642
3144
71729
12491
46479
62324
97575
26624
4783
38353
48429
45293
54769
38345
43196
92009
5552
98067
79377
3146
79248
41190
41096
26981
20850
25703
52342
43553
80500
85152
57643
48634
79476
4337
16866
29817
12615
36242
36267
59552
90272
69907
69001
45413
84453
71729
76098
64104
23623
20479
73706
78468
45077
83722
7604
97577
44371
4546
27587
27428
99217
65313
18506
64421
44365
46133
25085
23693
50747
55034
16169
48158
53273
36646
33165
4528
18771
9221
76040
2508
65467
21026
93058
40436
25330
72678
14778
8158
28290
34810
49765
61305
35874
25407
16327
85004
16595
73871
92935
23493
18687
5376
21742
65517
42195
45628
40371
42371
83784
40595
53935
17073
17009
45802
81363
70782
69558
90906
66470
53104
35119
5145
54801
41762
91224
83885
26059
31944
40469
10937
40653
16649
19966
9287
30309
47579
78174
64738
88942
38993
69720
72783
72261
69404
99245
16666
65223
9286
38360
74523
37817
71842
88036
67218
11036
86907
105
42649
83843
92679
3566
63148
14347
90680
53438
5435
15696
24884
84288
31593
8783
45392
65331
63456
46248
52756
60048
70190
56326
22349
44412
74221
14016
8310
79052
52186
26658
44948
36149
2844
90351
33187
96259
26316
34322
2791
33575
58130
53200
19990
30702
92965
68004
16459
99884
83416
20450
97756
25769
16142
61557
7750
48660
11284
91205
45440
15182
2097
1
12689
99334
6168
75761
31943
79686
73017
20151
78966
13213
29747
45937
6457
21723
86161
47489
5267
74414
46030
84957
78562
15064
56710
2271
75829
72059
42251
72781
48655
14018
44579
83141
96764
95856
24242
52373
37039
91378
53310
53407
62804
66133
47270
97305
66045
96150
63908
51209
33959
44691
36549
49229
56015
24714
67414
49566
93106
32726
99774
13065
22289
72770
96621
45254
9532
55019
60632
18957
92819
77196
82015
70982
55736
95780
27213
26027
22981
44513
62600
26384
7397
1951
8077
91486
1598
40960
93618
65476
22398
45821
91432
56805
16387
97040
75723
18619
77693
56308
76164
36290
75977
89761
86205
48497
24124
49257
43950
5793
30862
85419
77285
4960
84437
71839
72097
74201
30802
76872
76499
78679
76460
90167
58561
8677
33904
57551
75783
11419
3231
25668
99312
63345
62149
41014
9262
87037
1079
68294
45401
65523
38280
33624
64478
81472
24279
96834
58175
85416
13937
99239
47492
59757
95970
62757
21300
18934
61165
38181
91487
33477
57532
89373
39983
47719
68561
43399
3493
60077
57073
88582
11978
1210
78093
46900
28263
4022
20714
28821
84500
57809
97254
49136
76014
85991
48739
13430
40266
53012
52646
76547
93114
82998
13634
14934
92680
4254
11167
26358
82693
28161
18582
43285
12468
10591
45981
14054
40997
68714
62173
71716
47987
64515
98428
7193
69196
76907
30736
34477
81219
50019
44884
89533
53180
36927
67096
31481
14435
89824
68915
15751
59597
41805
966
9824
17340
61568
14231
42254
34580
77539
42801
58121
20732
46721
71323
54073
40899
24561
4055
46023
65687
33479
79159
13697
42160
82404
59109
77587
57008
16647
15811
43136
88990
23207
29231
42665
20709
79574
43942
28174
72184
3674
95894
91392
96021
82691
24351
83041
3239
91943
74252
73515
75169
31334
67452
69992
56548
9387
54879
75202
24308
25778
4042
70126
30824
29603
19344
34939
71434
19565
76154
41747
33441
73652
63397
31124
46602
72653
54190
95645
4011
97813
63431
32553
10198
88358
48124
11764
68644
60477
48707
67696
1625
10233
88471
7152
79885
8856
81710
46072
15076
9384
71309
87266
17739
89389
91158
32945
66745
41761
53444
74866
75334
40297
73793
67231
27414
94857
50867
86823
2943
74812
35329
18069
32734
10032
51145
18299
42835
13728
65110
19219
59437
32293
21106
55556
34751
57005
26788
62150
40448
7941
14165
38335
15942
38409
76740
22819
27894
91350
9689
55116
16377
97650
35528
59956
17204
22517
28017
26852
14309
21088
20899
80066
86281
49515
71317
5106
39331
85810
90333
92340
45697
43112
21591
45841
74176
14533
92543
26696
78103
60105
39369
48384
27643
56149
88318
83418
14737
76156
96860
59082
50558
56442
51258
82236
22871
44163
86610
56832
90586
12320
81104
1738
13964
37125
53297
42119
56092
24892
62152
53436
65993
40084
92331
55933
37111
83508
34627
45652
62224
89769
3154
27859
29586
95948
92298
11847
67413
64939
24705
39956
14428
25349
88380
82903
65934
81686
96186
11387
40622
63460
22064
45792
70947
36642
26588
75309
5684
6934
60997
45351
13031
53946
71114
34964
36308
74292
65440
42449
32115
24908
44847
34492
94753
36399
29699
91595
53692
11461
73240
8937
56056
73592
51683
35122
63090
52038
45516
37140
44600
56180
11752
22613
41414
39960
84996
76278
46540
16948
65472
11387
30084
70542
77194
32518
42689
35917
52001
30896
13887
51711
30649
93661
28873
12372
71692
40508
33937
36312
48726
4607
99681
68413
40294
86329
24269
22227
19968
21497
81921
25669
18902
15007
89824
38900
2599
88358
95522
19016
36649
31934
85350
40041
29197
62715
30908
19381
39781
8838
29557
17844
23692
49821
869
13154
87444
27252
21069
40701
63525
82958
33705
33461
60303
44959
96653
47644
93316
83349
3023
31621
35177
59309
65328
55055
17322
69229
90425
92973
6468
39101
31420
90123
39953
47364
87877
81679
14857
71581
27990
57242
13009
84889
93870
19902
53885
23874
32960
20094
51093
73643
27136
43189
18068
32521
72036
53739
75185
74275
15535
29538
61449
45996
53531
80021
91291
16898
56774
3583
41392
31548
48853
11416
28955
71343
70716
76555
39188
87757
64000
27337
52582
38642
16694
13846
51391
21235
5974
33322
59663
93492
63287
89077
8261
28336
34423
21988
60359
64383
4549
84691
33322
5487
94531
30751
27689
40663
75504
37216
22189
10343
37257
23087
2383
63342
71723
93039
53041
44057
50855
51882
93860
66737
61399
36910
10602
51601
96064
45804
25054
99678
14780
8963
33296
61105
68866
98355
17963
22498
35554
44179
3003
26139
75960
1398
71406
87953
56227
37116
38134
96306
13386
77723
99329
34719
49100
73304
41746
68184
43355
40805
49661
27944
82523
9327
86670
87176
89306
34004
50366
98769
67511
13141
27141
35525
71592
51151
59173
12343
57854
14733
1663
80239
62687
71180
80640
66942
77371
85676
97822
76800
86704
81118
10470
85996
46876
74644
98771
23950
74029
76675
87222
57492
30115
5776
6759
4879
49829
53520
28167
42123
41580
33153
51887
25041
87586
16024
52391
85003
63720
43926
83913
4483
48003
90375
56621
44799
95206
78483
57530
58356
51754
23172
15675
75810
35402
86180
74387
6416
2499
48591
65012
93249
54716
67018
59681
45555
49287
4861
25273
54354
14266
59370
64410
48835
86640
55314
48691
36736
15626
41753
88051
94742
73722
54625
46155
16432
59594
39568
54540
15948
59581
47144
78818
90535
69563
14306
99298
11501
21578
36719
67664
51758
38699
58432
49373
85165
91172
56196
21402
42056
58602
65938
55641
58363
88548
18404
74479
22345
15771
19640
95580
42353
7175
43490
92475
85426
11613
79101
78013
23666
59138
24561
90109
25022
69548
70643
73266
84426
7603
30465
81152
96970
4591
72814
67684
42875
8217
16309
46570
68379
42675
131
4665
54844
70632
55880
69023
42288
71404
62847
82194
76717
37248
26428
65635
54825
95271
86228
36136
28387
71827
96993
41467
44910
51965
40693
22740
89294
5979
75927
56594
24738
96661
50843
81470
16474
37282
25640
15957
5885
86303
51596
98225
5421
441
9602
26768
49832
71572
69449
68346
91107
47757
68604
75875
5731
10632
32399
42005
32882
57617
68864
96835
28074
35883
25108
20272
10643
81089
89299
44725
58080
9255
84433
18072
87427
61567
39263
17520
25467
12226
34731
90553
80045
65378
91228
79891
68771
67845
45727
87420
19526
81057
51103
11567
61271
43540
5469
16589
69192
67995
89318
12686
59071
80943
16047
50432
94628
51777
45761
93980
67559
43327
53270
13243
65023
16524
79023
73922
98987
14549
71237
8749
96846
23109
12397
61843
13007
53896
4705
63950
17894
15798
20606
73494
73374
50467
64753
93091
19018
481
37131
60
74419
73894
10286
54729
20844
55418
43803
93830
56938
85659
69680
61232
10202
13390
4799
69420
64449
83685
98125
62647
49194
63536
3022
61247
14839
89980
25499
62702
97734
89471
4584
98908
52621
48078
10865
27506
43867
18575
87387
59065
63513
50760
63083
27078
50843
63129
42686
88417
13544
54771
16687
21988
47850
62183
74032
31358
21356
33373
44617
23905
86842
95150
17864
6740
67790
21742
89515
76054
36400
53020
68260
27825
29627
28374
4287
78152
99270
3561
55812
52634
86514
35692
3600
73512
97756
20711
9774
63750
57402
44184
60038
79916
40482
81254
46971
34043
56026
6161
13399
15857
67388
31189
18534
88501
43401
39366
6030
5937
77067
79785
5101
77816
50742
66445
18387
47592
18107
90931
64681
37608
49912
89915
77933
49148
64433
33255
35255
90813
27592
15656
28377
29292
56847
19822
93098
92295
65167
87261
42622
97474
72647
12747
56959
38848
8977
80401
22342
94008
28827
70312
56224
50574
33269
68694
23920
75773
31965
99950
51277
34997
50399
33040
96704
79651
55727
62513
27111
53774
31971
27912
44422
79992
76159
13705
88032
69578
38717
80031
11142
60820
38505
90398
81217
21084
646
32157
26629
43193
85097
7924
16995
33322
87125
98610
59071
71761
74870
9137
42127
81001
72398
23414
41260
4544
68086
48749
69175
44065
45233
82760
59692
63449
38620
38935
89107
95069
46345
30556
82333
7951
4895
65785
43685
49032
39679
5226
54308
75564
40789
36847
838
5697
87094
56531
82369
27185
63060
69468
4874
71462
43896
82486
92039
77354
19586
41572
27512
82245
40779
16708
54942
94861
16609
69104
71481
83641
6405
42604
66359
13314
38309
62581
54495
51049
75911
68788
83407
47194
66473
22198
249
98516
54409
88416
83660
36248
38490
25151
83538
24658
941
45311
45924
11340
61486
46806
20085
65234
38137
41427
91809
67890
46656
26996
30204
52039
90157
12475
51161
59340
1945
96082
91490
18378
27912
1647
24842
94988
37819
89325
12513
57250
62671
28834
32503
30725
41744
83090
43609
98515
84407
40959
73702
43992
84132
22965
48002
3963
10259
53744
23320
46639
93719
66008
81642
38509
87598
32215
24635
68239
89212
28497
16513
6816
42005
25109
59417
91202
84943
9560
65214
21395
69639
25490
4022
96250
26370
77670
16170
42774
74741
81159
30193
34506
17476
82698
42108
62633
66388
29226
3462
54621
19093
50014
243
33078
79769
24264
52679
28172
15667
92542
94815
9203
83159
60950
34308
31786
25338
45270
73876
47615
32091
17705
86100
68135
85704
73858
50391
12562
90874
10447
72231
36288
46339
55297
89
61494
22521
3476
98376
81794
85894
10721
49905
381
22866
2938
82786
42422
95033
88623
35945
8449
65687
5912
64093
37362
73115
49480
6380
25360
95891
27607
76477
62764
18066
77145
53200
66798
92578
19877
75416
12873
78808
78628
65235
13522
7793
94748
5854
16794
91432
45199
21954
26414
19933
37164
41253
8421
22525
13295
68087
1628
81468
91670
15996
53879
77525
16219
93723
58993
47075
56147
5912
22797
49183
10907
99676
51717
23170
35880
13052
7381
57059
10094
41027
63362
80390
7306
39962
22878
26197
79727
38195
44441
18573
67846
19086
7867
7163
83319
99381
64795
29309
96751
89240
89665
97794
83474
69890
68797
63386
33909
29339
3841
62039
70352
16823
92714
71327
99472
67713
33219
30638
75849
80731
20111
81502
80987
17843
28122
94908
65234
48706
81879
59434
84980
10451
1301
27501
25327
73105
40250
97901
47363
11549
86745
35167
69859
5108
33873
92067
66413
65005
80380
57173
26877
43675
91249
38149
13059
88050
61583
99999
83390
582
38594
92901
68125
44141
14982
25511
2156
23484
96620
27407
56489
96050
62889
38189
89157
36509
83792
42088
23535
56330
55668
59156
75845
45643
18282
82485
74249
1385
54992
10257
59902
78928
11898
76932
351
43979
59195
96043
62811
69058
76594
73663
46056
26366
27065
78414
90800
27195
70646
6781
83322
99145
21419
29015
69494
93135
73499
82531
26587
19143
34255
71728
97651
10337
46383
30308
50627
10973
80154
96573
28961
32165
3947
61923
58465
37928
45156
52542
52130
20873
14626
16274
98767
32599
56956
65913
32080
54671
52963
68279
7935
67716
3826
60507
87355
62590
98083
44122
19119
68219
62145
40913
57512
18449
10779
66552
38252
77198
87652
37055
94181
54963
19730
491
64698
93613
89511
14026
96699
51695
69328
44493
77555
84351
64784
45770
18544
54435
77275
94859
30612
90367
85771
45963
64441
96049
55574
24402
98246
23648
93808
91457
84725
7992
20152
94057
77596
35582
36368
77250
76886
76898
44233
14534
97568
33022
80420
9077
83839
56971
13271
21546
30793
50313
27483
44696
90597
32100
74581
77575
91067
36831
19602
21245
53150
79068
75759
1440
26515
80598
2168
1737
36870
31587
27402
55078
73699
4854
57285
11852
30983
46332
35087
45192
7124
81471
66411
42709
88475
69856
97746
19619
99277
73712
40979
57371
37803
96840
44976
84692
76080
77711
45485
99513
12205
6823
33153
12664
16463
81227
27223
33147
32898
20350
43635
60514
65247
98067
44227
72367
79592
81825
95229
43004
88359
59367
41930
80690
76921
46549
58794
42569
81248
87896
93691
84190
23272
89214
40295
40292
38788
81188
75557
31445
67155
14811
29794
46286
87885
90709
38668
13781
13204
39177
16113
28768
87881
59397
52728
89811
9066
96044
18655
31275
28843
46265
57540
41347
32224
26529
5501
5937
36291
43612
52121
5713
42559
47906
99148
72799
74182
89700
37147
49813
51119
43433
21072
72066
72936
95363
33585
12879
67591
20936
75948
4729
70639
82966
63414
5427
72442
89753
17997
49273
7087
44714
83425
486
85954
68828
31416
37199
76899
7150
43472
79231
36005
47954
56810
74781
47300
66336
78788
18959
83294
80543
19154
81077
8971
24512
64208
74670
51070
57125
46395
18961
57680
82168
8826
83730
13673
94159
78405
83199
31979
81380
86066
18140
65814
78544
43983
10884
38843
46324
43027
8125
73401
25556
84568
72080
78597
98543
90662
41444
32379
79529
12603
69599
15444
49273
79822
52694
23409
1231
99114
5180
32963
94607
67580
91330
62382
89261
24338
89911
50392
46370
65674
49591
64221
10711
7228
27811
42981
49154
38822
54850
58205
26821
71059
78996
35867
52519
89611
74964
59351
23257
42940
58349
25768
81784
72609
19258
19320
71137
95607
20125
86434
34476
99877
39387
44543
16341
30110
2537
52849
33791
22247
56625
53434
29568
83584
64703
97073
50753
38028
41291
32905
33889
63911
25277
57751
19176
38179
11490
69830
67528
78074
78688
63756
