33766
76877
38000
4084
42598
26048
2461
52744
64379
7563
50263
64102
10517
43820
12818
41649
19888
15760
563
89500
79104
98105
68618
3532
909
81543
69254
64327
668
94546
15198
66905
38702
55296
40091
47008
83686
79332
80120
93032
13347
42334
67592
11165
8411
22912
96816
35796
28705
1741
68227
56144
45142
32113
91922
49076
95821
67406
73996
38167
94988
23321
37378
94946
16309
74130
26172
22703
8965
16984
16091
32130
4705
15934
19145
43751
99524
90589
67237
96108
79195
12378
23608
10631
31286
68061
92116
44830
94336
46775
30200
94128
53543
35598
41724
21244
65086
67040
24891
13366
46927
60979
91479
42147
44715
79753
20604
80087
26424
76959
6221
74327
78739
49117
55537
98145
2392
73062
15343
81274
37583
59789
83552
27787
22307
34041
20594
87689
49482
94276
69701
98498
68145
87809
66907
94292
20547
45905
77276
79144
63122
93638
3758
78776
64033
17137
34992
72326
91305
70512
66801
26918
16243
47467
22418
56126
27208
53599
29935
64342
86195
49461
61646
12758
35095
40309
23758
63158
17183
99546
68690
61058
298
54982
93729
48528
94180
33949
25631
86179
79840
90220
12763
51427
71224
70218
22517
35601
27596
22482
48452
42317
82398
86968
49184
44923
82453
42582
26703
43904
34337
99494
61596
86980
47365
69356
65268
61606
18349
70890
55586
77453
87007
62301
33276
41185
35727
59620
44499
33398
73917
93190
35163
79741
44503
41082
59731
71922
23185
86694
34768
33617
80515
81621
63066
14884
2869
25055
42109
33041
81207
73196
39292
22016
52434
97602
20148
71126
31271
4477
82389
52386
37366
26846
51653
92052
18900
27071
23079
12084
60068
91261
30300
82694
76864
98091
53093
27330
3763
41897
26289
6357
96817
18462
36628
20036
19522
36297
34489
37474
5078
6250
53692
42822
12113
29567
70577
936
55114
65541
45620
83746
426
33137
74695
4560
59899
51447
16418
27302
96881
95626
98008
87421
28021
16737
34370
39935
37786
21488
90040
61664
25728
50629
58875
55926
58698
28810
63406
4658
73660
8972
32736
8711
57758
73471
92602
67071
69832
6552
91862
89801
1484
33097
55037
60955
23615
14529
53265
20089
63475
47356
95941
75475
43351
83233
33550
57086
93541
14431
63440
13062
95743
72293
99117
22503
72733
1882
2507
98679
11637
95559
56968
49901
27705
25967
78037
72879
64544
85872
74051
11770
43491
39520
84409
97274
26644
96130
57352
7384
10820
59169
56895
85657
14873
44113
3939
90736
47468
77808
27435
23954
30386
27610
31737
1542
66968
73944
61093
39068
2338
70474
30668
97905
75985
64284
47266
36038
71560
21505
25844
38362
76660
45269
58323
50296
77822
95899
15527
87864
20212
48467
15447
74278
8590
32346
34723
83209
19555
38887
67152
69567
14898
16827
56458
91704
26714
97140
68383
71157
79783
14606
7777
64038
74877
86609
78245
49262
71356
23594
38490
83992
93352
51463
56248
89723
19757
59305
95550
5881
92441
84102
37137
47824
20966
19373
93869
14750
56615
80281
17377
93269
41593
88714
8611
3534
50085
43273
89353
10497
91578
15311
72862
9824
27151
50039
99821
12707
51534
36109
55312
20462
1472
29223
1512
18841
32666
58378
73036
3234
47208
99877
1950
48390
78340
72942
21613
63166
377
78477
99759
38170
49730
68411
26816
84888
81775
59097
41405
86584
27005
94575
20292
30848
14482
3800
42215
20982
53703
10823
97406
34932
99197
84263
84293
16926
16463
62200
21345
42360
45548
24445
49376
46538
73939
34421
57306
85443
39486
74637
737
91737
61943
50897
69085
73134
13161
73702
60044
70615
27015
37514
42809
99900
42649
93031
26023
67626
53551
26293
96604
38678
57120
266
72200
55956
30175
20382
49359
11671
85151
9368
78547
97550
3275
3109
64520
51225
94661
19329
19941
82958
63429
18380
70151
60208
80813
44248
6640
30496
74380
34296
79634
59667
99145
20783
77417
7288
73783
11310
61764
89340
49594
94477
67893
98854
66132
60874
4787
28909
1795
4288
52138
84965
50069
27265
95693
71048
45039
89060
82554
6893
42988
27688
96375
51550
72628
37567
98069
61119
72848
48422
46729
3551
87087
68805
90458
2640
19834
69829
14432
65010
50507
24293
79374
20840
10560
52229
31529
68911
45262
2443
43285
3601
70319
49589
85566
66630
95066
19370
20819
72676
11675
38370
84814
54185
89622
87465
66416
25646
45860
15822
61867
78471
98817
48008
27957
61883
77773
45566
94515
46281
54049
83520
65042
57067
79374
12163
93487
81133
11295
5820
75391
1971
39490
39872
99170
77073
58966
86891
57302
44027
71298
84505
46717
75230
66930
29501
42120
89070
72534
7174
85456
23774
6237
4284
94284
86189
18811
52621
65069
36299
57568
38880
10256
29794
32514
44992
82616
32192
59893
34126
74158
85635
46898
97069
15311
19876
72876
46657
69688
74869
55896
59039
21240
30850
78141
35804
38737
18196
92561
49006
14278
13757
77877
3170
45964
33787
12366
5505
79806
7547
78483
33952
52764
34776
612
62068
7363
33497
12360
6590
88974
11229
88525
11445
25405
25576
7642
37288
90420
13331
6494
21345
34795
52921
16214
23225
93168
44809
34251
39218
49000
40994
73097
9582
18684
18995
92577
65171
6941
58412
84723
53887
15747
77708
98513
31034
18233
15287
72336
2705
96300
18716
55154
25155
63860
60859
12901
31973
38924
13273
29410
25228
47653
20334
64262
4110
53991
52782
60900
69765
74195
1246
58005
95585
26435
55207
56853
43371
12756
27734
3412
33018
22680
63540
52025
81108
66059
86003
74140
37005
7428
86859
15079
43027
66791
21834
32763
46400
65609
1269
78433
20014
67781
51565
91966
36812
24215
8027
32752
78095
51507
23800
20270
47830
79878
66643
59124
10846
92960
53177
89376
11916
15307
37942
97339
30147
72347
89973
15678
67901
15606
70186
82715
65588
41425
29241
19856
69127
85483
95945
30771
89017
80340
97958
31222
10750
5400
60585
6291
83595
87805
34051
90994
46866
33908
724
75910
18169
64360
51228
2021
55402
75586
1202
72347
94798
7601
69908
8873
96999
4089
51810
36533
45416
8419
6482
13470
97248
55833
95768
52512
49908
99365
43574
81440
19661
10222
25855
34596
55989
62290
80822
59185
32283
22998
95845
84997
42234
70614
13833
53576
93606
85025
32554
97691
73464
41295
74629
40753
33590
53004
52328
56338
75557
5338
20443
23187
5094
9515
86855
88304
74168
85023
14237
32398
40889
21082
97706
