1
6
60
89
104
105
107
107
114
117
118
131
136
141
185
190
191
243
249
255
264
276
288
296
319
321
325
338
342
343
351
362
371
381
383
384
394
399
408
419
419
428
441
443
444
448
449
465
466
470
481
481
486
491
495
503
530
566
577
582
583
589
602
620
624
635
646
646
651
659
680
699
711
737
746
756
767
772
774
779
791
792
793
818
820
838
844
845
854
861
862
864
869
873
904
904
911
918
937
941
943
957
966
993
997
1000
1022
1029
1055
1077
1079
1089
1093
1125
1130
1139
1142
1144
1154
1168
1173
1188
1196
1196
1208
1210
1210
1210
1231
1234
1235
1259
1290
1292
1298
1300
1301
1306
1313
1346
1360
1363
1364
1371
1385
1398
1425
1428
1428
1433
1440
1476
1485
1487
1489
1494
1512
1519
1520
1533
1535
1543
1555
1569
1583
1598
1609
1625
1628
1631
1635
1647
1648
1648
1658
1663
1666
1673
1725
1733
1736
1737
1738
1774
1774
1786
1789
1831
1837
1854
1856
1919
1921
1945
1949
1951
1952
1952
1960
1970
1996
2000
2007
2029
2072
2094
2096
2097
2105
2146
2156
2157
2159
2164
2168
2190
2203
2208
2216
2227
2231
2252
2267
2271
2285
2309
2312
2321
2332
2343
2360
2383
2383
2399
2400
2401
2417
2432
2450
2478
2492
2499
2508
2516
2536
2537
2539
2543
2578
2599
2604
2606
2624
2626
2631
2678
2689
2690
2710
2735
2736
2746
2754
2782
2784
2791
2792
2844
2861
2880
2886
2901
2914
2914
2920
2938
2941
2943
2956
2959
2960
2999
2999
3003
3011
3014
3014
3018
3018
3022
3023
3024
3033
3049
3056
3067
3075
3113
3113
3144
3145
3146
3149
3154
3168
3174
3194
3216
3225
3227
3231
3239
3318
3321
3326
3335
3355
3358
3362
3362
3365
3405
3415
3422
3434
3442
3445
3454
3462
3476
3477
3490
3493
3511
3533
3559
3561
3566
3574
3581
3583
3587
3597
3598
3599
3600
3600
3613
3624
3631
3650
3671
3674
3686
3687
3697
3702
3733
3747
3748
3763
3763
3766
3782
3798
3805
3826
3833
3841
3842
3863
3866
3867
3926
3936
3947
3963
3974
3997
3998
4006
4008
4011
4019
4022
4022
4030
4038
4042
4055
4066
4070
4089
4111
4137
4145
4186
4199
4201
4204
4249
4254
4259
4260
4272
4287
4315
4325
4337
4342
4366
4368
4396
4398
4401
4426
4435
4439
4445
4470
4483
4489
4525
4528
4544
4546
4549
4564
4567
4573
4584
4591
4607
4629
4644
4655
4665
4665
4677
4687
4689
4696
4705
4729
4744
4747
4754
4770
4771
4783
4799
4818
4822
4833
4846
4854
4861
4874
4879
4885
4890
4895
4895
4897
4904
4907
4925
4927
4948
4960
4978
4981
4995
5019
5028
5031
5033
5034
5036
5040
5087
5090
5101
5106
5108
5110
5124
5126
5137
5140
5145
5145
5152
5170
5174
5180
5182
5182
5205
5210
5226
5233
5258
5264
5267
5295
5299
5301
5306
5308
5308
5308
5313
5326
5373
5376
5406
5414
5421
5427
5428
5435
5439
5442
5455
5464
5466
5469
5487
5496
5501
5515
5516
5523
5527
5552
5567
5568
5576
5582
5592
5599
5618
5620
5624
5628
5635
5653
5659
5674
5676
5677
5684
5691
5697
5697
5703
5704
5707
5713
5731
5735
5758
5758
5769
5771
5776
5786
5789
5793
5798
5803
5807
5828
5834
5842
5844
5846
5851
5854
5885
5889
5907
5912
5912
5937
5937
5937
5939
5955
5974
5979
6002
6028
6030
6031
6040
6047
6053
6057
6063
6090
6091
6104
6116
6123
6138
6152
6161
6165
6168
6174
6191
6192
6208
6223
6224
6235
6237
6244
6260
6270
6322
6322
6333
6357
6373
6380
6400
6405
6416
6419
6441
6452
6455
6457
6459
6468
6523
6535
6539
6562
6566
6576
6622
6630
6631
6648
6653
6672
6682
6683
6684
6693
6694
6726
6740
6752
6755
6759
6772
6778
6779
6781
6798
6806
6810
6812
6813
6816
6823
6855
6856
6856
6870
6887
6909
6917
6923
6926
6927
6934
6939
6985
6993
6995
6995
7014
7023
7043
7069
7087
7108
7113
7114
7124
7137
7139
7147
7150
7152
7162
7162
7163
7172
7175
7175
7193
7194
7200
7209
7211
7213
7213
7220
7221
7228
7236
7241
7248
7279
7289
7291
7296
7306
7319
7336
7346
7356
7356
7375
7381
7393
7397
7480
7518
7533
7538
7545
7558
7564
7566
7573
7585
7585
7596
7597
7600
7602
7603
7604
7616
7672
7689
7694
7721
7750
7754
7756
7776
7791
7793
7794
7807
7812
7818
7840
7855
7865
7867
7875
7885
7888
7893
7910
7924
7935
7941
7942
7943
7951
7953
7958
7964
7976
7984
7992
8014
8016
8030
8043
8052
8058
8059
8071
8077
8077
8082
8106
8116
8121
8125
8158
8165
8180
8217
8237
8261
8304
8310
8336
8379
8412
8413
8418
8420
8421
8449
8478
8483
8486
8509
8517
8522
8525
8538
8554
8557
8569
8570
8583
8603
8612
8626
8628
8630
8632
8660
8666
8677
8687
8698
8714
8737
8737
8749
8759
8771
8783
8792
8797
8800
8804
8807
8813
8816
8826
8838
8843
8847
8850
8856
8864
8878
8897
8909
8926
8936
8937
8957
8963
8971
8977
9024
9047
9050
9055
9061
9066
9066
9077
9081
9106
9131
9136
9137
9140
9182
9187
9189
9203
9214
9221
9245
9249
9255
9262
9278
9284
9286
9287
9288
9292
9315
9321
9325
9327
9339
9347
9348
9355
9362
9368
9371
9384
9387
9391
9391
9393
9404
9410
9414
9416
9421
9426
9427
9429
9439
9464
9497
9500
9511
9532
9536
9555
9560
9565
9573
9576
9589
9590
9594
9601
9602
9618
9619
9654
9662
9667
9669
9689
9696
9710
9736
9739
9754
9761
9774
9798
9824
9865
9873
9888
9891
9892
9903
9905
9905
9926
9932
9943
9943
9951
9963
9979
9991
9997
10000
10008
10009
10031
10032
10061
10073
10081
10082
10086
10094
10124
10127
10161
10167
10168
10191
10195
10195
10198
10202
10202
10208
10230
10233
10243
10246
10257
10259
10260
10263
10286
10290
10298
10306
10319
10324
10329
10335
10337
10337
10343
10356
10371
10374
10375
10377
10380
10393
10409
10417
10447
10448
10448
10451
10456
10470
10485
10507
10521
10561
10574
10580
10591
10595
10596
10602
10632
10637
10641
10643
10648
10654
10680
10683
10685
10696
10705
10711
10721
10721
10734
10738
10745
10757
10758
10771
10775
10779
10832
10839
10850
10865
10867
10879
10880
10884
10907
10913
10928
10937
10943
10973
10989
11026
11034
11036
11038
11049
11050
11065
11095
11109
11114
11128
11130
11141
11142
11155
11156
11163
11167
11172
11189
11191
11191
11192
11201
11224
11227
11233
11236
11244
11270
11284
11327
11335
11340
11353
11366
11387
11387
11389
11392
11404
11405
11416
11419
11449
11450
11461
11463
11464
11465
11469
11476
11490
11492
11492
11501
11510
11510
11517
11522
11532
11533
11549
11551
11555
11567
11570
11583
11606
11608
11613
11614
11634
11679
11682
11684
11689
11690
11709
11720
11725
11731
11747
11752
11755
11761
11764
11805
11821
11828
11832
11837
11840
11847
11847
11852
11889
11898
11912
11914
11919
11924
11945
11964
11968
11978
12001
12012
12072
12080
12085
12090
12092
12101
12102
12108
12123
12158
12158
12159
12163
12192
12205
12205
12221
12226
12236
12280
12286
12290
12320
12321
12343
12349
12357
12361
12372
12380
12384
12389
12397
12411
12429
12449
12468
12470
12475
12480
12488
12491
12497
12499
12513
12523
12531
12541
12543
12562
12572
12575
12582
12591
12603
12615
12633
12664
12675
12686
12687
12689
12705
12713
12733
12734
12746
12747
12811
12815
12821
12827
12828
12831
12836
12837
12837
12838
12873
12879
12907
12918
12921
12925
12931
12936
12955
12968
12979
12983
12984
12997
13007
13009
13012
13031
13052
13058
13059
13065
13116
13119
13127
13141
13143
13154
13162
13178
13184
13201
13204
13213
13220
13228
13243
13269
13271
13287
13289
13293
13294
13294
13295
13310
13310
13314
13339
13344
13349
13353
13366
13369
13386
13390
13393
13399
13410
13414
13415
13430
13430
13442
13448
13458
13470
13493
13506
13508
13511
13520
13521
13522
13535
13538
13543
13544
13577
13593
13625
13629
13634
13644
13652
13673
13674
13689
13693
13697
13702
13705
13710
13714
13720
13725
13728
13731
13733
13737
13741
13761
13769
13781
13813
13815
13839
13846
13846
13850
13878
13881
13887
13896
13900
13908
13915
13930
13931
13936
13937
13951
13962
13964
13973
13991
13994
13996
14010
14016
14018
14026
14054
14058
14094
14106
14116
14132
14155
14165
14181
14194
14219
14231
14266
14278
14292
14299
14306
14309
14341
14344
14344
14347
14368
14369
14391
14393
14395
14403
14407
14410
14426
14428
14435
14443
14470
14485
14502
14513
14533
14534
14537
14540
14542
14549
14569
14575
14577
14578
14582
14587
14602
14611
14614
14624
14626
14626
14629
14666
14668
14680
14686
14689
14694
14711
14721
14722
14733
14736
14737
14763
14778
14780
14811
14824
14836
14837
14839
14847
14855
14857
14857
14893
14901
14903
14932
14934
14951
14957
14962
14965
14982
14988
14991
14996
15004
15007
15010
15011
15023
15032
15037
15040
15040
15064
15076
15088
15089
15106
15116
15142
15166
15182
15201
15219
15235
15245
15252
15252
15325
15328
15347
15352
15367
15371
15392
15408
15435
15443
15444
15467
15470
15495
15512
15534
15534
15535
15553
15590
15595
15601
15611
15616
15626
15627
15656
15667
15671
15675
15680
15680
15696
15696
15699
15734
15751
15767
15771
15773
15774
15778
15798
15811
15815
15825
15830
15830
15831
15853
15857
15861
15875
15881
15925
15936
15937
15942
15948
15957
15959
15975
15996
16007
16015
16024
16028
16031
16033
16037
16047
16113
16141
16142
16169
16170
16173
16177
16187
16190
16218
16219
16230
16231
16241
16269
16274
16286
16306
16309
16327
16341
16343
16345
16365
16377
16386
16387
16391
16396
16402
16404
16410
16410
16416
16424
16426
16432
16432
16447
16453
16459
16463
16465
16467
16474
16493
16513
16522
16524
16536
16547
16569
16589
16595
16609
16629
16630
16637
16647
16649
16654
16662
16663
16666
16669
16687
16694
16698
16706
16708
16721
16723
16729
16730
16748
16770
16777
16789
16794
16794
16805
16806
16811
16823
16833
16860
16866
16896
16898
16910
16916
16924
16926
16943
16946
16948
16955
16965
16987
16995
17009
17012
17015
17021
17032
17037
17042
17047
17047
17068
17073
17076
17082
17093
17121
17137
17138
17150
17204
17205
17213
17246
17265
17289
17299
17322
17327
17335
17340
17341
17345
17346
17365
17371
17372
17378
17389
17399
17401
17411
17438
17445
17447
17460
17467
17476
17480
17493
17501
17516
17520
17551
17559
17570
17602
17622
17645
17649
17678
17687
17689
17701
17705
17726
17739
17756
17769
17792
17803
17816
17834
17835
17843
17844
17848
17852
17860
17864
17885
17894
17899
17901
17929
17957
17959
17963
17968
17979
17994
17997
17997
18012
18024
18047
18066
18068
18069
18069
18071
18072
18082
18082
18084
18088
18107
18109
18125
18135
18140
18146
18167
18173
18180
18183
18183
18211
18219
18226
18232
18239
18243
18247
18251
18255
18273
18280
18281
18282
18296
18299
18326
18373
18378
18387
18396
18402
18404
18415
18437
18438
18441
18445
18449
18462
18506
18515
18534
18540
18544
18544
18550
18552
18573
18575
18582
18619
18626
18646
18647
18655
18687
18715
18756
18770
18771
18775
18808
18829
18843
18860
18873
18880
18881
18902
18934
18939
18949
18954
18957
18958
18959
18961
18968
18972
18988
18989
18995
19016
19018
19049
19067
19072
19076
19086
19093
19107
19108
19112
19117
19119
19123
19142
19143
19154
19157
19170
19176
19177
19191
19213
19219
19220
19221
19228
19241
19258
19268
19280
19287
19315
19320
19320
19336
19344
19350
19352
19377
19381
19391
19397
19405
19442
19443
19459
19471
19477
19491
19496
19498
19514
19515
19524
19526
19536
19540
19554
19561
19563
19565
19571
19572
19576
19583
19586
19588
19602
19609
19610
19619
19627
19639
19640
19649
19652
19687
19687
19714
19730
19742
19747
19761
19772
19789
19789
19791
19807
19822
19831
19845
19852
19877
19884
19899
19901
19902
19902
19912
19914
19933
19938
19957
19966
19968
19985
19990
19990
20047
20066
20068
20085
20092
20094
20107
20111
20125
20149
20151
20152
20159
20168
20171
20176
20219
20220
20225
20226
20248
20257
20271
20272
20292
20302
20303
20303
20305
20325
20328
20350
20360
20361
20365
20367
20374
20377
20388
20398
20399
20412
20430
20436
20438
20450
20450
20452
20460
20479
20482
20486
20487
20506
20516
20529
20541
20545
20573
20591
20606
20639
20653
20709
20711
20714
20732
20747
20765
20770
20801
20812
20828
20834
20844
20850
20861
20873
20874
20874
20895
20899
20900
20917
20926
20936
20945
21026
21029
21038
21042
21069
21072
21075
21083
21084
21088
21094
21095
21096
21104
21106
21110
21111
21130
21156
21167
21180
21183
21184
21189
21204
21216
21220
21233
21235
21245
21261
21273
21281
21284
21285
21287
21295
21300
21301
21313
21325
21337
21341
21356
21370
21374
21374
21375
21395
21399
21402
21405
21406
21410
21419
21428
21433
21442
21474
21475
21496
21497
21503
21503
21506
21511
21524
21525
21546
21555
21578
21580
21581
21582
21591
21599
21602
21625
21639
21642
21652
21662
21667
21723
21729
21731
21738
21742
21742
21744
21745
21754
21761
21765
21775
21787
21823
21827
21833
21848
21851
21857
21871
21878
21895
21905
21908
21911
21954
21961
21988
21988
21989
22000
22003
22011
22014
22064
22068
22071
22074
22091
22096
22101
22106
22121
22126
22189
22198
22227
22229
22247
22263
22266
22275
22289
22290
22295
22305
22308
22325
22342
22345
22349
22349
22358
22364
22369
22376
22380
22393
22398
22407
22419
22440
22455
22464
22470
22478
22489
22494
22498
22517
22520
22521
22522
22525
22530
22533
22538
22545
22578
22585
22586
22597
22613
22617
22623
22640
22642
22650
22669
22670
22673
22677
22697
22718
22740
22767
22767
22786
22789
22797
22815
22819
22831
22866
22871
22878
22883
22885
22890
22894
22906
22929
22929
22949
22950
22954
22960
22965
22969
22980
22981
22988
22999
23003
23004
23008
23029
23037
23047
23070
23087
23087
23097
23109
23119
23131
23139
23154
23166
23170
23172
23174
23191
23192
23206
23207
23228
23257
23260
23266
23272
23274
23278
23297
23305
23320
23328
23328
23329
23331
23343
23357
23360
23373
23378
23391
23407
23409
23409
23414
23420
23438
23448
23461
23479
23484
23493
23515
23535
23549
23549
23554
23566
23571
23577
23607
23614
23623
23648
23666
23676
23678
23679
23680
23692
23693
23698
23721
23726
23742
23753
23776
23798
23815
23842
23863
23865
23874
23882
23894
23895
23898
23905
23920
23922
23934
23937
23950
23953
23965
23967
23969
23977
23994
23997
24001
24003
24033
24067
24082
24082
24090
24090
24093
24124
24150
24185
24189
24192
24202
24234
24242
24251
24264
24269
24279
24279
24308
24309
24338
24338
24351
24360
24363
24366
24375
24381
24402
24404
24407
24412
24424
24429
24485
24498
24500
24512
24517
24541
24561
24561
24584
24602
24618
24624
24635
24658
24660
24662
24665
24671
24671
24685
24690
24692
24699
24705
24712
24713
24714
24714
24721
24731
24738
24741
24749
24755
24757
24797
24842
24842
24852
24853
24854
24858
24876
24884
24889
24891
24892
24893
24908
24922
24986
24990
24994
25017
25022
25027
25041
25054
25056
25072
25077
25080
25085
25100
25106
25108
25109
25135
25137
25144
25145
25151
25155
25164
82
32
66
73
93
47
4
16
72
45
14
100
84
4
82
3
37
44
57
60
51
83
93
51
17
61
55
28
97
5
91
74
75
56
42
36
72
23
44
93
21
78
35
68
33
31
44
81
12
17
68
62
80
33
66
6
5
2
89
46
87
88
80
9
78
66
51
57
15
4
68
75
88
73
94
47
94
17
7
67
7
45
71
52
33
79
22
46
67
85
70
75
47
71
6
88
34
7
18
59
5
39
11
69
45
16
74
97
57
97
54
27
6
93
5
36
62
22
67
67
94
94
30
70
9
84
12
95
33
61
20
24
82
49
54
90
57
8
62
4
96
86
60
71
71
20
38
33
61
39
96
36
85
72
46
53
21
11
89
85
66
21
62
21
33
22
45
31
16
95
96
49
9
19
40
67
70
49
1
13
40
23
45
57
37
96
29
72
38
26
57
57
60
39
99
24
90
84
24
92
87
42
72
3
68
35
49
19
54
49
51
2
6
25
81
62
1
100
15
68
35
12
76
18
89
1
45
53
34
17
90
23
13
15
76
37
20
25
89
85
12
41
55
76
87
86
92
6
10
79
4
24
2
98
60
8
25
51
93
26
87
60
14
72
44
91
63
14
37
4
70
21
30
48
64
100
21
95
23
81
59
77
61
2
94
39
91
99
39
62
19
58
60
8
8
94
23
89
25
65
18
36
100
23
30
23
65
41
71
39
46
99
56
58
4
57
88
98
49
37
44
26
24
6
10
24
69
4
11
66
40
63
60
75
79
88
32
7
14
22
11
99
18
10
88
62
26
17
86
65
94
15
67
67
95
13
93
3
18
20
2
96
47
43
68
92
61
71
66
1
67
3
22
38
61
99
52
94
49
30
55
4
20
14
57
100
39
52
82
2
24
25
70
23
23
11
96
1
68
95
9
3
83
98
61
81
92
7
89
31
38
15
64
27
77
14
54
92
89
26
5
74
42
19
54
5
84
56
12
44
3
2
98
77
4
17
12
100
52
89
77
45
75
17
32
70
86
8
40
93
33
41
95
46
79
92
50
46
23
11
35
37
56
42
29
68
99
47
26
66
23
24
93
71
67
83
13
98
11
23
63
45
56
28
42
94
14
89
24
21
54
93
70
52
88
8
75
98
59
77
7
90
16
11
92
81
61
58
95
68
18
80
49
96
79
6
27
34
52
83
55
53
37
93
13
17
64
25
96
4
97
67
78
19
64
76
80
44
19
97
67
80
23
64
29
3
71
36
25
39
22
33
88
57
30
2
36
52
93
61
59
32
84
71
12
26
78
77
53
74
85
36
37
5
24
89
88
50
85
97
69
74
54
41
30
7
71
17
2
37
5
92
86
63
76
45
60
94
65
18
49
15
65
92
65
21
58
74
43
8
86
20
99
84
2
96
100
21
10
41
85
21
72
51
82
92
53
87
18
94
52
35
6
33
16
31
81
86
20
52
57
90
5
65
60
22
86
95
42
42
49
64
63
84
91
41
70
32
83
62
6
15
13
44
31
79
17
23
2
29
57
13
96
59
54
71
42
57
51
71
45
99
9
33
20
21
93
31
45
33
38
90
60
27
25
10
18
17
61
62
61
73
7
90
56
22
80
32
55
25
84
90
11
39
30
42
83
68
4
8
63
85
8
18
91
10
86
53
41
3
79
31
28
70
78
98
89
24
43
39
2
88
99
81
4
49
52
90
81
82
8
88
7
13
20
55
91
25
76
51
70
98
58
82
100
44
72
78
63
51
29
90
7
56
20
61
83
57
70
53
57
3
73
50
63
73
77
5
38
99
96
53
25
38
96
76
84
18
48
64
91
87
57
50
37
93
22
87
99
26
66
63
40
81
56
92
29
59
23
80
65
32
70
25
51
29
58
80
49
70
31
96
94
50
23
24
9
61
100
5
15
93
76
91
24
53
14
14
62
9
30
34
82
53
71
26
11
52
65
98
75
67
67
47
34
24
18
39
99
36
71
7
70
22
3
46
33
14
82
91
99
32
76
81
11
60
23
19
82
56
83
70
45
15
7
80
15
64
81
41
86
15
49
56
57
53
13
40
21
90
97
79
4
17
87
57
82
96
69
20
78
59
55
78
4
44
34
59
29
31
94
6
18
6
63
9
17
8
98
51
28
27
73
6
34
36
5
94
72
51
100
73
57
11
31
80
99
100
4
91
11
26
91
51
8
16
99
57
64
12
60
57
66
85
61
19
49
68
90
81
55
43
57
13
87
56
66
36
68
39
74
97
11
77
10
50
23
62
70
6
41
17
28
65
25
64
66
18
86
65
81
2
89
98
60
17
36
50
25
91
72
22
43
41
72
35
82
27
13
71
46
60
45
79
28
16
9
25
16
74
17
2
61
6
55
1
23
5
84
11
37
41
41
31
5
51
45
69
78
53
64
98
51
50
9
10
1
76
75
97
64
79
87
96
18
91
94
30
33
81
30
46
27
68
59
39
92
98
1
84
20
72
98
88
55
30
31
86
26
21
84
62
84
92
84
2
63
66
81
31
38
2
31
74
52
44
29
29
5
48
32
36
30
23
95
5
25
9
16
92
9
86
70
23
33
41
70
38
89
58
97
31
96
98
53
76
32
71
18
42
55
43
7
74
14
33
63
88
66
13
15
22
19
23
15
16
60
57
16
40
64
91
39
6
70
38
44
60
20
29
80
13
19
57
93
17
93
80
61
55
89
77
86
2
10
44
97
25
97
21
5
58
90
64
46
75
97
73
67
41
97
100
2
96
98
82
14
25
39
98
96
55
21
62
15
73
66
45
71
62
83
75
50
67
5
56
38
71
71
76
83
39
91
32
5
1
26
82
90
74
95
94
57
73
6
84
56
91
38
82
22
16
27
82
2
59
55
51
27
43
65
31
73
73
90
89
24
36
61
1
98
24
96
69
36
62
75
29
88
20
54
75
3
59
93
75
63
74
33
36
94
71
84
51
33
40
46
6
46
41
39
22
19
1
58
14
60
30
78
61
92
7
28
48
90
4
9
32
25
4
50
55
71
43
18
55
32
72
3
1
96
58
90
29
99
25
2
94
39
24
86
96
28
45
94
7
72
9
49
71
84
16
68
70
76
24
21
29
61
22
88
8
55
78
15
33
23
89
28
79
61
58
91
77
44
84
33
10
81
22
11
1
63
7
82
37
73
14
63
6
40
69
50
63
82
64
79
4
94
64
13
82
99
46
66
61
38
89
72
65
91
91
63
65
82
18
7
46
31
97
89
97
38
25
73
9
76
48
46
23
96
36
58
82
55
24
34
30
8
68
40
44
13
74
96
13
66
59
70
45
97
84
28
50
10
97
56
27
66
86
78
99
92
31
86
9
3
73
66
55
68
29
100
92
66
82
79
83
63
94
87
78
96
75
38
1
79
40
47
59
90
34
60
76
91
99
46
40
10
50
65
26
34
99
74
32
60
56
53
34
81
85
52
75
58
15
58
95
37
21
96
46
13
62
66
44
80
69
2
69
16
44
24
67
7
6
75
31
20
69
67
72
20
63
46
19
72
97
14
60
85
50
68
82
68
9
1
69
63
5
20
7
58
63
86
45
15
61
97
15
99
90
14
66
35
14
74
29
49
52
15
76
63
74
96
60
93
49
76
90
18
88
78
32
63
32
10
86
58
66
64
49
65
68
43
43
37
26
40
46
45
28
80
17
80
31
75
53
82
39
26
52
56
79
63
19
44
30
83
31
92
40
55
21
79
95
89
71
45
10
2
35
36
100
42
20
54
42
75
95
60
54
69
4
88
94
34
57
8
51
13
59
97
74
89
57
95
15
22
45
85
54
50
35
68
53
9
95
77
20
26
29
34
66
5
11
8
93
30
95
38
52
59
43
47
88
96
89
58
23
80
7
27
71
61
56
10
28
44
42
91
55
58
23
96
85
30
59
34
77
36
27
63
95
90
57
68
74
60
5
41
29
66
98
38
35
99
18
53
64
81
21
66
43
4
64
59
54
20
32
57
89
23
66
14
100
53
70
53
88
19
15
84
46
4
83
67
80
7
51
20
69
91
27
62
28
20
35
34
91
43
25
19
36
67
74
29
89
54
75
46
33
33
77
97
92
65
26
90
91
45
79
99
68
30
15
30
19
1
10
97
69
56
49
41
88
19
46
88
97
10
100
1
85
2
94
66
66
28
74
29
50
44
68
74
81
15
27
48
83
5
15
81
35
94
13
60
89
67
67
33
37
97
22
58
2
55
52
24
57
32
77
45
18
37
75
88
20
16
94
30
74
90
71
88
67
7
58
60
27
84
38
14
49
33
92
61
18
75
82
37
53
43
93
58
49
2
3
69
97
27
8
40
94
98
35
98
29
60
10
15
21
81
76
99
14
64
93
46
1
56
26
31
85
27
52
44
38
1
69
57
62
29
86
32
43
72
29
56
27
99
17
63
4
27
57
28
35
58
89
18
15
27
43
3
42
55
18
47
7
100
68
76
29
46
84
23
93
85
17
97
54
18
47
71
95
92
14
43
65
11
29
25
82
73
27
47
72
30
71
28
21
43
12
32
2
17
79
68
99
7
1
76
41
24
6
96
84
94
27
37
28
23
32
98
72
77
80
34
26
57
84
11
28
57
26
92
45
100
96
40
50
61
5
12
85
62
4
41
32
6
3
93
38
15
4
18
100
51
23
59
98
92
45
20
6
100
71
8
2
75
16
20
100
74
62
33
55
88
80
23
23
15
76
86
79
15
14
1
9
99
95
62
58
50
3
11
19
57
43
53
97
32
22
58
48
45
54
64
32
40
45
41
81
15
4
42
32
85
5
1
60
50
3
26
22
82
71
68
10
93
34
15
17
95
49
86
94
91
86
91
7
64
20
63
31
7
13
6
69
26
15
29
3
28
8
26
63
79
66
20
77
87
17
74
9
24
75
29
57
20
37
67
91
21
22
63
32
61
34
3
43
92
56
23
26
94
76
55
13
96
3
28
71
93
56
100
97
1
86
17
78
57
23
35
77
66
19
9
69
94
41
68
1
100
89
70
83
43
76
87
6
11
80
85
20
92
91
83
76
1
11
51
35
88
2
85
88
56
28
49
18
45
42
94
83
13
91
82
56
70
76
33
44
27
17
34
63
10
30
92
89
2
78
7
69
98
70
31
63
57
5
56
44
15
18
98
31
37
53
77
62
6
84
48
57
70
12
39
38
35
4
55
92
91
65
82
11
4
80
4
81
56
35
77
66
63
68
97
62
57
99
80
27
61
15
84
72
83
4
33
85
47
11
17
46
63
90
19
73
17
97
77
19
80
9
99
79
9
25
44
65
61
70
4
29
96
82
75
2
7
42
4
34
62
46
90
59
18
26
73
35
65
13
15
8
41
55
56
15
33
15
5
35
1
60
34
33
41
97
41
18
51
71
90
31
46
27
22
54
21
77
27
71
29
75
86
27
55
90
64
75
67
55
1
13
6
41
14
61
20
37
43
36
5
22
58
53
28
13
45
62
31
50
38
25
34
27
34
24
10
19
94
67
38
28
52
51
96
52
75
66
35
19
96
98
42
8
88
32
60
5
71
24
61
88
98
95
76
60
7
50
96
27
88
74
48
70
44
43
43
9
53
95
41
10
41
37
50
40
98
26
76
50
19
13
27
55
57
4
68
65
49
56
92
89
90
98
100
22
11
80
30
89
78
7
34
68
35
7
24
82
18
9
65
36
65
82
11
63
26
55
2
1
76
55
56
86
90
87
86
75
84
25
47
87
90
41
11
45
29
71
42
18
87
87
25
25
33
86
36
49
11
4
42
20
61
18
41
58
41
97
70
73
22
35
23
15
63
80
57
64
35
59
89
9
91
67
17
99
81
35
44
17
63
95
61
46
65
84
85
40
46
97
91
92
30
99
76
29
53
23
22
37
27
59
10
15
41
93
79
65
4
41
13
76
43
99
94
98
72
54
85
91
11
61
87
82
99
60
45
95
83
75
90
9
22
22
76
22
42
49
43
64
60
80
33
7
66
64
65
81
10
57
5
36
54
46
65
92
78
75
16
49
77
53
16
87
38
28
63
13
100
48
97
77
1
45
23
98
4
37
32
8
93
86
100
10
24
80
21
47
66
18
99
56
45
100
13
7
43
11
12
44
29
23
82
23
29
65
15
49
54
52
83
52
90
86
79
31
30
97
79
37
58
36
1
32
99
41
58
72
49
100
18
8
16
43
29
48
75
100
7
93
85
97
25
68
59
48
89
87
94
71
24
84
84
43
98
55
66
43
9
80
88
4
78
2
25
54
70
73
10
98
81
49
95
82
8
90
10
80
17
45
70
42
39
59
31
96
31
45
65
74
57
55
21
37
65
10
13
3
47
81
58
90
34
25
35
5
88
49
94
52
25
20
46
21
95
1
39
19
93
26
12
61
42
47
63
97
27
6
9
9
88
53
9
90
17
89
18
20
22
74
30
13
36
22
9
54
78
76
21
100
3
71
42
67
37
16
34
8
17
81
83
10
70
63
21
33
25
36
74
45
69
53
100
63
61
34
58
86
98
35
83
11
44
38
31
52
74
98
78
45
6
85
86
60
20
59
53
61
21
36
91
47
73
54
27
31
89
40
74
38
14
33
85
92
58
79
23
65
24
7
34
41
4
57
84
14
59
66
10
59
86
50
17
36
20
73
13
37
76
43
39
37
32
33
41
70
28
74
18
44
88
80
17
78
94
29
1
24
22
4
10
13
1
79
82
3
12
83
3
16
53
80
1
82
48
72
78
60
88
69
28
15
73
86
91
10
14
73
4
21
97
91
43
46
29
80
16
6
38
33
11
40
47
86
99
69
90
35
30
79
78
7
28
34
85
1
41
18
3
81
98
31
76
22
71
32
83
11
15
28
55
9
81
49
95
55
11
34
68
54
1
39
73
30
33
8
44
92
61
6
80
43
27
91
56
22
99
51
30
20
2
58
64
35
11
55
12
18
40
61
86
62
60
69
2
15
57
45
51
100
56
50
9
46
45
72
17
71
15
1
20
15
74
94
55
50
98
61
79
87
99
97
70
94
73
35
78
49
5
88
76
17
56
22
45
64
61
16
59
33
96
54
94
74
3
73
39
96
58
5
63
52
80
91
91
35
63
14
88
31
52
21
18
9
26
89
53
17
60
15
74
92
4
100
18
67
87
63
67
58
83
95
93
9
35
76
16
56
98
39
90
23
76
6
51
59
87
81
11
74
77
94
73
72
53
86
99
90
54
58
26
60
94
21
67
93
15
84
67
14
70
35
26
54
27
91
60
78
68
1
98
87
54
71
48
36
36
82
45
24
51
89
69
51
22
22
6
25
26
44
62
80
86
98
54
2
61
72
73
41
15
62
17
92
79
58
72
94
40
32
64
29
80
10
39
44
84
33
94
87
79
3
63
96
57
88
81
59
27
74
17
18
79
42
14
8
58
8
20
71
15
96
65
29
55
86
78
54
88
38
36
1
74
63
61
56
80
46
70
84
35
71
2
39
16
97
70
51
88
86
18
31
86
66
61
41
94
39
93
9
69
18
43
42
95
74
73
19
67
39
13
49
91
33
21
65
68
12
63
20
17
49
36
25
29
80
11
89
49
94
85
34
57
58
38
90
93
78
43
65
18
86
60
20
92
12
50
74
49
35
59
91
3
71
79
40
90
7
13
21
81
68
25
89
12
11
94
36
72
24
98
98
23
7
38
60
8
93
23
64
95
64
7
14
3
73
39
70
31
75
69
48
66
80
18
48
49
17
91
8
89
99
30
24
64
53
4
37
34
67
98
20
42
73
78
53
82
70
62
95
20
18
95
5
34
56
82
58
47
61
62
15
43
36
73
85
61
65
18
88
55
95
53
46
55
87
10
32
11
92
75
29
26
85
94
52
15
63
12
37
80
97
85
57
17
81
62
86
74
26
70
82
20
71
59
73
30
95
74
96
76
8
80
96
38
77
15
83
83
63
61
16
87
47
50
2
39
32
98
55
90
65
86
17
80
45
89
53
67
27
25
43
76
99
44
36
32
14
59
81
52
1
14
12
21
20
64
51
40
90
90
27
38
67
27
58
64
39
13
49
86
50
54
3
72
64
82
22
6
78
78
70
29
51
85
97
65
12
83
6
37
12
32
2
98
31
54
12
74
71
20
68
52
4
89
76
34
100
76
81
73
87
29
57
95
88
59
97
33
43
43
31
44
9
100
81
18
37
99
53
38
41
75
8
73
80
94
22
92
16
45
63
70
5
68
59
90
55
36
52
91
15
34
90
17
65
32
14
67
90
32
36
66
75
79
10
47
59
38
85
55
50
70
10
54
72
56
22
9
19
18
85
2
37
63
42
62
97
39
33
94
35
10
59
97
86
91
89
83
19
5
54
2
66
39
86
20
46
47
77
62
39
87
84
76
33
95
23
54
6
38
47
18
94
18
78
30
51
55
87
20
22
86
7
99
77
81
44
66
61
50
19
54
82
65
97
53
48
30
56
38
94
17
10
31
73
62
91
52
71
14
12
57
9
68
50
36
31
7
51
30
62
56
51
59
94
80
33
32
77
62
51
47
15
52
49
94
46
21
92
77
35
66
36
100
33
41
90
5
62
95
88
8
90
86
29
78
38
37
58
95
30
15
16
88
85
36
67
21
42
54
71
92
99
85
66
74
3
40
5
57
1
68
100
40
3
17
60
64
85
40
52
61
41
28
67
48
26
80
2
49
32
65
84
18
26
11
84
87
14
29
9
78
5
48
91
87
27
28
46
8
25
84
73
44
43
89
34
25
53
6
89
19
96
41
58
77
32
77
37
21
100
71
74
69
66
36
43
65
83
85
25
33
58
83
80
42
19
76
25
73
66
42
81
22
1
84
3
50
79
72
92
19
56
39
7
19
39
72
19
15
51
81
42
78
20
14
6
90
46
46
12
84
33
82
57
33
88
38
40
9
89
86
16
9
9
71
33
20
93
58
18
57
2
19
49
36
35
97
55
57
81
97
72
27
53
14
42
32
39
10
29
82
28
32
70
48
1
87
64
84
76
94
74
49
2
77
83
55
69
30
32
85
22
1
78
36
30
87
65
58
93
76
2
8
37
96
57
1
51
16
97
78
42
41
48
81
9
81
30
77
31
61
59
41
89
91
77
70
78
83
87
23
31
52
18
85
46
80
35
61
70
30
100
6
48
9
41
34
29
6
20
66
46
59
21
3
33
81
73
97
81
59
5
85
95
7
75
31
55
64
23
29
30
55
38
77
34
78
92
42
49
26
28
36
47
57
7
98
34
23
4
72
60
26
43
77
66
44
45
34
52
93
34
78
93
45
89
77
92
42
52
59
64
82
36
62
2
41
99
13
3
43
40
84
90
12
5
100
75
86
11
33
55
65
45
20
69
12
62
84
73
25
69
30
22
24
17
63
14
50
54
42
6
98
99
8
70
89
1
3
85
90
20
47
45
11
20
89
57
81
6
93
88
94
12
62
92
7
90
96
41
93
3
43
79
60
50
16
31
1
94
43
83
78
17
3
47
80
1
54
34
56
90
89
80
73
30
51
80
55
91
7
94
88
29
5
72
92
59
13
23
53
17
31
49
63
45
54
2
88
67
3
11
24
68
2
73
5
99
86
7
55
34
40
40
49
28
51
45
34
21
94
90
8
10
49
90
14
31
43
52
6
29
79
61
78
93
82
27
52
73
56
27
58
61
4
54
84
5
73
14
86
26
33
67
81
38
51
16
26
90
62
47
39
85
37
43
4
5
83
80
89
62
93
25
82
16
66
79
54
44
33
54
53
81
23
58
57
31
9
34
93
22
52
17
57
96
48
89
4
49
72
3
70
64
1
36
22
79
74
97
91
87
33
87
97
84
55
60
8
94
95
77
11
49
64
61
73
89
60
31
8
91
56
65
94
34
78
59
35
51
2
66
65
91
15
13
74
90
89
58
11
78
7
32
71
41
53
23
15
10
56
77
53
64
88
83
87
36
96
27
33
71
81
96
76
33
25
26
23
86
33
85
42
40
36
5
91
84
97
96
48
72
69
93
83
12
27
24
6
79
21
32
47
58
76
11
76
70
77
53
52
51
64
1
76
12
90
73
43
37
69
29
13
94
50
61
13
82
67
95
22
98
57
33
96
36
32
77
99
62
57
55
77
42
46
85
27
33
17
52
62
17
88
66
43
18
50
64
13
99
43
55
52
10
83
71
19
10
63
71
45
55
76
95
2
37
35
44
17
77
62
70
38
100
80
75
74
87
54
84
81
85
23
53
34
22
74
1
43
73
42
99
29
61
42
90
2
80
78
79
95
10
49
63
60
49
94
38
58
81
96
69
80
76
31
16
92
80
91
50
21
8
37
74
28
44
80
8
18
54
42
35
7
24
39
65
36
14
49
21
58
9
39
16
19
30
35
22
4
34
37
45
30
61
33
3
73
31
47
36
74
5
81
92
73
66
78
80
39
13
81
64
16
6
89
32
35
9
22
100
100
48
32
73
7
43
72
66
70
19
23
55
98
72
24
40
52
27
62
47
49
59
99
70
54
3
4
73
34
25
54
88
73
3
57
99
83
9
13
10
25
88
62
96
100
44
44
81
5
4
85
94
77
52
35
26
52
84
7
39
94
33
42
92
35
23
87
85
91
96
9
66
94
20
15
72
59
76
100
78
73
92
63
93
39
52
6
94
17
14
83
15
83
23
82
53
19
49
55
63
57
67
87
15
56
82
6
36
78
69
12
94
52
6
91
12
43
36
29
43
78
90
98
84
47
61
72
85
21
39
13
92
54
74
14
27
13
92
57
54
9
66
48
31
78
37
66
20
6
47
98
78
91
94
61
15
27
23
82
55
2
96
97
54
63
26
96
27
13
70
26
98
88
24
85
46
45
68
24
26
17
100
26
4
99
16
4
35
4
39
7
26
24
10
68
48
8
63
44
14
78
68
19
34
22
19
48
44
92
7
15
96
7
53
74
12
70
33
51
89
21
11
9
72
93
76
81
44
72
44
89
22
76
29
98
80
59
18
48
94
30
5
37
16
84
56
2
88
38
82
19
46
27
18
27
69
27
11
34
83
43
24
33
52
18
82
43
98
64
16
9
8
21
94
84
29
46
62
35
15
12
23
57
68
11
30
18
20
91
8
99
90
30
35
6
22
76
64
51
49
14
56
41
45
43
45
100
22
31
47
27
89
73
5
34
29
35
86
96
21
67
54
29
32
49
42
32
74
34
12
32
21
44
91
77
32
8
71
81
83
63
93
28
13
11
88
49
66
53
50
51
3
22
85
38
62
41
62
14
95
7
5
49
56
24
23
50
70
46
57
59
57
82
87
74551
74553
74557
74561
74581
74619
74620
74636
74644
74659
74670
74673
74682
74709
74718
74726
74735
74741
74742
74758
74766
74781
74790
74794
74812
74815
74830
74840
74866
74870
74874
74880
74890
74894
74906
74907
74910
74913
74915
74926
74949
74961
74964
74968
74979
74980
74990
75020
75035
75043
75074
75077
75100
75100
75101
75117
75129
75131
75142
75148
75150
75169
75173
75185
75202
75209
75221
75222
75228
75239
75244
75247
75309
75311
75312
75334
75378
75387
75410
75416
75434
75441
75448
75455
75456
75465
75484
75486
75487
75490
75496
75504
75513
75529
75530
75545
75547
75557
75564
75565
75567
75570
75572
75582
75596
75654
75677
75688
75723
75747
75759
75761
75773
75775
75780
75783
75786
75790
75801
75810
75812
75815
75823
75829
75832
75845
75849
75849
75854
75856
75864
75875
75884
75892
75909
75911
75917
75927
75938
75939
75943
75948
75957
75958
75960
75975
75977
75984
75986
75994
75996
76005
76014
76025
76026
76036
76040
76054
76061
76077
76080
76098
76114
76126
76131
76154
76156
76159
76164
76200
76205
76250
76258
76259
76278
76279
76280
76302
76306
76307
76332
76348
76362
76367
76371
76375
76396
76402
76408
76412
76418
76422
76438
76460
76463
76471
76473
76477
76485
76491
76491
76492
76499
76508
76510
76516
76547
76555
76562
76571
76573
76588
76593
76594
76617
76637
76675
76706
76716
76717
76735
76740
76760
76781
76797
76800
76814
76815
76818
76847
76848
76872
76877
76886
76898
76899
76907
76921
76930
76932
76937
76940
76965
76971
76990
77029
77031
77050
77067
77091
77092
77121
77123
77134
77145
77149
77154
77160
77178
77192
77194
77196
77198
77233
77234
77236
77238
77243
77250
77256
77258
77275
77281
77285
77300
77319
77328
77354
77361
77371
77381
77386
77406
77425
77440
77452
77471
77524
77525
77539
77551
77555
77575
77586
77587
77596
77611
77614
77614
77618
77657
77657
77659
77670
77693
77695
77695
77706
77707
77711
77711
77714
77722
77723
77737
77756
77758
77762
77769
77777
77779
77780
77784
77794
77798
77816
77828
77833
77859
77864
77882
77893
77904
77908
77924
77928
77933
77934
77959
77965
77998
78006
78013
78019
78025
78040
78046
78074
78079
78093
78098
78101
78103
78119
78123
78136
78152
78159
78159
78160
78163
78174
78176
78181
78189
78190
78199
78203
78207
78214
78227
78227
78228
78240
78253
78258
78261
78264
78293
78299
78320
78331
78344
78352
78354
78355
78367
78389
78405
78413
78414
78416
78420
78454
78468
78481
78483
78507
78526
78539
78544
78549
78562
78571
78586
78597
78628
78632
78647
78647
78652
78668
78679
78681
78688
78691
78704
78713
78729
78733
78737
78749
78769
78788
78793
78802
78804
78805
78808
78812
78814
78816
78818
78819
78821
78830
78839
78848
78873
78881
78883
78910
78917
78926
78928
78966
78977
78996
79023
79043
79047
79052
79054
79068
79070
79080
79095
79101
79128
79151
79156
79159
79159
79175
79197
79221
79231
79231
79236
79241
79248
79255
79260
79303
79362
79370
79377
79419
79424
79476
79477
79501
79503
79504
79523
79529
79536
79563
79566
79574
79576
79578
79578
79592
79595
79600
79615
79618
79647
79651
79655
79662
79686
79692
79694
79697
79702
79707
79727
79743
79753
79769
79780
79781
79785
79786
79807
79822
79826
79832
79859
79863
79866
79885
79891
79895
79900
79901
79902
79903
79909
79916
79916
79926
79940
79942
79955
79958
79963
79972
79992
80016
80020
80021
80030
80031
80045
80048
80066
80073
80086
80104
80105
80112
80137
80142
80149
80151
80154
80166
80172
80189
80226
80229
80238
80239
80252
80253
80265
80266
80297
80301
80301
80309
80318
80324
80372
80374
80379
80380
80381
80385
80390
80401
80404
80404
80413
80420
80434
80441
80458
80459
80477
80484
80486
80493
80500
80526
80534
80542
80543
80554
80569
80598
80599
80600
80601
80620
80621
80629
80640
80649
80690
80694
80726
80731
80747
80757
80813
80820
80828
80838
80854
80859
80861
80863
80874
80907
80908
80916
80919
80929
80932
80943
80956
80961
80977
80979
80987
80991
81001
81018
81036
81037
81055
81057
81063
81072
81075
81077
81079
81085
81089
81095
81104
81105
81112
81118
81125
81144
81144
81152
81152
81159
81159
81165
81178
81180
81184
81184
81188
81204
81217
81219
81221
81223
81227
81235
81248
81248
81254
81261
81279
81280
81299
81312
81337
81337
81344
81351
81352
81363
81364
81372
81380
81381
81403
81410
81413
81419
81421
81438
81468
81470
81471
81472
81492
81502
81507
81526
81570
81594
81607
81642
81644
81655
81658
81660
81666
81673
81679
81686
81695
81702
81704
81710
81712
81714
81714
81729
81729
81736
81738
81784
81790
81794
81794
81814
81823
81825
81828
81828
81838
81861
81874
81879
81882
81887
81896
81899
81919
81921
81931
81957
81959
81969
81972
81973
81976
81977
81990
81990
81999
82005
82010
82013
82015
82049
82059
82081
82096
82103
82141
82141
82145
82149
82160
82168
82194
82222
82228
82236
82240
82243
82245
82248
82253
82277
82304
82315
82316
82316
82318
82333
82338
82352
82369
82401
82403
82403
82404
82411
82419
82420
82429
82431
82449
82449
82478
82483
82485
82486
82496
82504
82519
82522
82523
82531
82538
82544
82552
82561
82583
82589
82590
82597
82601
82608
82613
82616
82623
82634
82657
82657
82673
82674
82677
82691
82691
82693
82698
82710
82719
82723
82728
82732
82736
82739
82760
82763
82779
82786
82788
82791
82794
82798
82807
82837
82839
82843
82849
82851
82852
82854
82856
82863
82903
82906
82906
82958
82958
82959
82963
82965
82966
82983
82984
82998
83018
83035
83041
83057
83090
83109
83111
83141
83158
83158
83159
83168
83169
83181
83184
83190
83199
83205
83206
83236
83237
83240
83294
83319
83320
83322
83328
83349
83349
83351
83369
83369
83390
83392
83407
83411
83415
83416
83418
83421
83425
83454
83461
83474
83481
83486
83502
83505
83508
83519
83537
83538
83558
83558
83581
83584
83587
83593
83598
83624
83631
83641
83659
83660
83685
83688
83702
83722
83723
83723
83730
83730
83732
83747
83758
83784
83792
83800
83802
83811
83828
83839
83839
83843
83845
83847
83871
83885
83913
83921
83962
83990
83996
83997
84006
84029
84049
84063
84068
84084
84101
84118
84132
84140
84154
84190
84194
84195
84208
84223
84223
84225
84225
84226
84232
84240
84243
84273
84277
84288
84288
84290
84309
84315
84324
84339
84348
84351
84375
84399
84407
84418
84426
84433
84437
84453
84467
84472
84485
84497
84499
84500
84507
84508
84508
84524
84543
84560
84565
84568
84578
84579
84598
84599
84601
84609
84691
84692
84693
84725
84737
84741
84748
84759
84766
84786
84803
84808
84851
84853
84856
84858
84875
84886
84889
84910
84924
84929
84934
84937
84943
84957
84977
84980
84981
84996
85000
85003
85004
85020
85040
85066
85092
85097
85101
85109
85127
85149
85150
85152
85156
85160
85165
85188
85192
85206
85211
85238
85242
85261
85268
85283
85289
85305
85327
85330
85347
85350
85358
85369
85374
85383
85410
85416
85417
85419
85426
85461
85475
85476
85481
85491
85492
85501
85505
85528
85531
85543
85588
85607
85608
85638
85659
85665
85667
85676
85689
85704
85727
85747
85758
85771
85777
85794
85794
85795
85800
85809
85810
85814
85818
85857
85866
85894
85903
85909
85935
85954
85959
85959
85960
85963
85966
85988
85991
85996
85998
86026
86030
86046
86049
86066
86079
86100
86134
86153
86154
86161
86164
86166
86166
86180
86185
86194
86201
86205
86228
86255
86261
86261
86262
86265
86281
86284
86303
86303
86306
86308
86329
86335
86342
86347
86414
86434
86446
86470
86474
86479
86486
86494
86514
86517
86543
86547
86548
86552
86565
86568
86569
86582
86586
86586
86590
86610
86613
86619
86640
86670
86675
86684
86688
86704
86704
86713
86720
86724
86726
86738
86745
86756
86764
86776
86788
86794
86797
86799
86802
86806
86820
86823
86823
86832
86835
86842
86854
86881
86901
86902
86907
86931
86946
86994
87000
87007
87019
87020
87024
87037
87037
87048
87051
87094
87096
87105
87123
87125
87155
87167
87176
87178
87218
87222
87225
87232
87236
87261
87266
87275
87322
87350
87355
87358
87362
87370
87371
87374
87378
87381
87387
87389
87392
87400
87420
87427
87444
87469
87474
87488
87494
87499
87532
87539
87585
87586
87598
87614
87622
87638
87651
87652
87698
87708
87735
87757
87760
87769
87779
87792
87796
87806
87808
87851
87856
87877
87881
87885
87896
87917
87944
87950
87953
87969
87970
87971
87973
88014
88031
88032
88036
88046
88050
88051
88068
88072
88087
88102
88129
88133
88138
88146
88154
88159
88166
88166
88169
88170
88178
88196
88198
88199
88210
88230
88235
88245
88251
88252
88263
88268
88269
88288
88312
88313
88318
88320
88344
88348
88349
88358
88358
88359
88360
88361
88380
88416
88417
88426
88441
88467
88471
88473
88475
88476
88477
88501
88537
88547
88548
88555
88556
88571
88575
88582
88591
88593
88593
88623
88631
88636
88662
88671
88678
88693
88703
88704
88716
88726
88728
88729
88739
88756
88774
88778
88785
88786
88792
88793
88813
88815
88843
88847
88849
88881
88886
88899
88902
88910
88942
88942
88948
88967
88970
88988
88990
89000
89007
89046
89052
89066
89070
89071
89077
89094
89107
89108
89126
89140
89152
89153
89157
89189
89211
89212
89214
89214
89223
89240
89257
89261
89282
89294
89297
89299
89306
89307
89312
89314
89315
89318
89325
89340
89373
89389
89394
89405
89414
89421
89430
89455
89456
89464
89471
89505
89511
89512
89515
89533
89534
89535
89545
89583
89601
89603
89605
89609
89611
89639
89665
89669
89683
89700
89706
89753
89761
89769
89784
89799
89802
89806
89808
89809
89811
89824
89824
89830
89851
89878
89903
89911
89915
89919
89920
89934
89935
89947
89968
89970
89980
89992
90007
90017
90030
90032
90081
90083
90109
90114
90123
90125
90137
90138
90155
90157
90167
90172
90175
90176
90187
90220
90225
90230
90272
90274
90284
90311
90323
90326
90329
90333
90341
90344
90346
90351
90367
90375
90378
90382
90384
90398
90415
90425
90452
90471
90476
90485
90499
90518
90533
90535
90543
90544
90546
90551
90552
90553
90553
90571
90572
90573
90586
90597
90599
90604
90618
90619
90638
90662
90680
90709
90721
90729
90758
90771
90773
90776
90795
90797
90798
90800
90805
90813
90843
90859
90874
90886
90888
90897
90899
90902
90904
90906
90912
90927
90931
90952
90953
90978
90981
91012
91031
91044
91052
91067
91069
91094
91097
91107
91115
91125
91132
91158
91172
91202
91205
91208
91208
91210
91216
91224
91228
91235
91240
91240
91249
91260
91275
91276
91291
91291
91330
91334
91342
91350
91354
91363
91373
91378
91381
91392
91394
91432
91432
91434
91451
91457
91476
91486
91487
91490
91493
91499
91527
91536
91547
91581
91595
91654
91655
91660
91669
91670
91683
91683
91684
91693
91715
91716
91749
91753
91754
91757
91781
91784
91801
91809
91834
91847
91855
91884
91903
91904
91921
91922
91923
91923
91943
91953
91956
91967
91982
92009
92010
92022
92025
92029
92039
92067
92084
92102
92123
92129
92160
92163
92189
92215
92222
92242
92250
92272
92273
92273
92273
92275
92295
92298
92301
92309
92331
92340
92345
92358
92360
92360
92381
92385
92410
92415
92415
92418
92438
92450
92462
92475
92495
92509
92515
92526
92541
92542
92543
92560
92560
92570
92578
92588
92629
92637
92644
92659
92679
92680
92690
92694
92714
92720
92721
92754
92756
92768
92770
92787
92788
92806
92807
92819
92831
92832
92848
92873
92878
92883
92886
92891
92900
92901
92902
92910
92918
92918
92933
92935
92939
92940
92942
92957
92965
92967
92973
92986
92992
93002
93007
93012
93018
93028
93039
93040
93045
93058
93074
93091
93098
93106
93107
93114
93128
93129
93135
93166
93175
93211
93219
93221
93231
93249
93264
93279
93298
93316
93336
93340
93347
93353
93358
93363
93404
93416
93445
93492
93538
93575
93579
93586
93592
93613
93618
93627
93632
93649
93657
93661
93691
93719
93723
93724
93736
93775
93779
93788
93792
93794
93796
93801
93804
93808
93830
93838
93842
93851
93860
93861
93870
93952
93970
93980
94000
94008
94015
94024
94024
94025
94040
94057
94057
94063
94065
94087
94095
94108
94130
94132
94132
94132
94159
94181
94191
94235
94259
94261
94267
94295
94305
94313
94315
94330
94350
94356
94375
94381
94391
94400
94411
94422
94427
94429
94483
94484
94488
94498
94501
94501
94509
94531
94535
94535
94547
94557
94580
94597
94607
94614
94626
94628
94633
94648
94656
94686
94687
94689
94698
94698
94722
94728
94730
94733
94742
94748
94752
94753
94783
94809
94812
94813
94815
94826
94837
94857
94859
94860
94861
94885
94888
94897
94908
94912
94914
94927
94933
94935
94948
94956
94969
94970
94972
94973
94988
95002
95007
95011
95023
95033
95063
95065
95066
95069
95069
95097
95108
95113
95116
95118
95118
95137
95145
95150
95166
95173
95205
95206
95207
95229
95238
95271
95281
95286
95286
95338
95350
95352
95360
95363
95369
95370
95385
95395
95408
95416
95420
95449
95451
95451
95454
95462
95501
95513
95514
95522
95531
95535
95547
95553
95553
95569
95571
95580
95585
95607
95616
95620
95622
95623
95624
95624
95641
95645
95706
95714
95723
95725
95735
95738
95753
95768
95774
95780
95802
95814
95850
95852
95856
95863
95865
95872
95882
95884
95891
95894
95899
95906
95907
95911
95919
95940
95943
95948
95970
95979
95989
95991
95992
96021
96030
96035
96038
96043
96044
96049
96050
96064
96068
96082
96128
96150
96159
96165
96174
96180
96180
96186
96192
96199
96211
96230
96248
96250
96250
96259
96282
96295
96298
96299
96304
96306
96328
96329
96413
96418
96423
96445
96455
96462
96482
96485
96491
96501
96503
96511
96512
96519
96540
96541
96545
96562
96573
96582
96589
96599
96602
96620
96621
96653
96661
96667
96669
96673
96676
96688
96689
96698
96699
96703
96704
96711
96721
96728
96729
96734
96751
96754
96764
96791
96798
96811
96812
96820
96823
96826
96834
96835
96840
96844
96846
96860
96893
96905
96910
96912
96919
96919
96940
96940
96940
96948
96948
96970
96993
96997
97002
97037
97040
97042
97057
97061
97069
97073
97074
97075
97084
97085
97088
97097
97120
97135
97167
97177
97189
97196
97201
97211
97231
97232
97253
97254
97257
97278
97305
97349
97353
97365
97379
97379
97395
97408
97422
97422
97462
97474
97481
97484
97486
97503
97520
97536
97559
97568
97575
97577
97578
97643
97650
97651
97652
97685
97706
97714
97734
97746
97756
97756
97764
97769
97781
97791
97794
97810
97813
97822
97849
97876
97892
97899
97901
97905
97950
97957
97976
97976
97989
98000
98012
98014
98016
98028
98029
98048
98062
98067
98067
98081
98083
98093
98099
98116
98122
98125
98127
98128
98149
98149
98155
98183
98187
98203
98211
98214
98225
98225
98226
98229
98235
98243
98246
98292
98295
98299
98315
98321
98326
98334
98345
98355
98376
98381
98388
98399
98403
98428
98480
98483
98494
98495
98500
98502
98503
98515
98516
98517
98524
98543
98549
98559
98590
98610
98624
98625
98630
98640
98642
98678
98683
98686
98691
98706
98719
98733
98737
98742
98742
98744
98750
98767
98769
98771
98783
98801
98819
98842
98908
98916
98927
98936
98941
98945
98971
98974
98978
98987
98989
99003
99016
99020
99029
99042
99064
99072
99074
99108
99114
99130
99133
99145
99148
99154
99158
99163
99174
99189
99193
99201
99217
99227
99239
99243
99245
99251
99252
99270
99277
99284
99286
99290
99297
99298
99299
99302
99304
99310
99312
99317
99317
99329
99334
99337
99377
99381
99423
99455
99472
99475
99513
99525
99542
99547
99568
99575
99578
99597
99601
99630
99650
99667
99668
99676
99678
99680
99681
99684
99695
99699
99701
99702
99716
99724
99730
99770
99770
99774
99776
99783
99786
99794
99800
99818
99823
99823
99825
99860
99873
99874
99877
99884
99899
99903
99928
99935
99938
99950
99970
99977
99990
99997
99999
