266
298
377
426
563
612
668
724
737
909
936
1202
1246
1269
1472
1484
1512
1542
1741
1795
1882
1950
1971
2021
2338
2392
2443
2461
2507
2640
2705
2869
3109
3170
3234
3275
3412
3532
3534
3551
3601
3758
3763
3800
3939
4084
4089
4110
4284
4288
4477
4560
4658
4705
4787
5078
5094
5338
5400
5505
5820
5881
6221
6237
6250
6291
6357
6482
6494
6552
6590
6640
6893
6941
7174
7288
7363
7384
7428
7547
7563
7601
7642
7777
8027
8411
8419
8590
8611
8711
8873
8965
8972
9368
9515
9582
9824
10222
10256
10497
10517
10560
10631
10750
10820
10823
10846
11165
11229
11295
11310
11445
11637
11671
11675
11770
11916
12084
12113
12163
12360
12366
12378
12707
12756
12758
12763
12818
12901
13062
13161
13273
13331
13347
13366
13470
13757
13833
14237
14278
14431
14432
14482
14529
14606
14750
14873
14884
14898
15079
15198
15287
15307
15311
15311
15343
15447
15527
15606
15678
15747
15760
15822
15934
16091
16214
16243
16309
16418
16463
16737
16827
16926
16984
17137
17183
17377
18169
18196
18233
18349
18380
18462
18684
18716
18811
18841
18900
18995
19145
19329
19370
19373
19522
19555
19661
19757
19834
19856
19876
19888
19941
20014
20036
20089
20148
20212
20270
20292
20334
20382
20443
20462
20547
20594
20604
20783
20819
20840
20966
20982
21082
21240
21244
21345
21345
21488
21505
21613
21834
22016
22307
22418
22482
22503
22517
22680
22703
22912
22998
23079
23185
23187
23225
23321
23594
23608
23615
23758
23774
23800
65
93
55
33
22
84
45
7
31
55
44
5
68
99
5
36
96
89
96
37
17
64
46
38
57
43
90
30
86
72
61
85
52
20
30
87
22
94
41
70
29
74
30
9
6
75
1
47
66
1
34
30
24
27
47
38
11
7
31
94
83
10
92
72
67
49
80
58
12
96
61
18
50
52
27
92
79
7
15
33
70
49
45
43
58
36
41
55
34
19
84
58
72
5
98
94
30
70
40
44
24
79
83
40
42
56
41
25
67
37
9
47
92
67
50
7
29
9
60
9
89
36
69
53
80
43
4
46
10
32
19
49
28
27
85
98
20
19
80
34
26
40
66
47
6
33
85
90
4
13
92
39
58
93
20
45
44
2
66
96
96
80
43
97
76
98
68
61
38
72
36
81
96
88
21
59
66
78
36
39
10
16
31
98
21
4
53
64
13
65
54
43
94
66
56
64
28
12
24
28
37
78
1
71
43
26
42
68
31
67
67
88
27
63
94
96
90
95
52
89
30
84
64
8
93
3
65
7
51
84
35
95
77
83
56
70
60
29
95
51
34
66
56
35
27
52
96
25
76
23
24
77
55
79
28
41
90
29
15
72
77
7
11
94
38
15
21
59
71
18
28
67
28
92
26
92
2
33
89
55
55
81
6
42
92
99
27
90
86
65
90
21
60
96
24
50
93
69
94
64
94
91
24
74
38
91
46
13
90
57
75
31
91
80
43
36
54
67
22
59
29
88
80
31
94
40
53
55
26
55
52
54
21
69
90
26
51
72
40
88
97
6
56
64
47
67
13
70
88
43
10
46
41
47
16
93
13
94
72
90
88
97
12
48
91
29
10
92
89
12
56
86
10
36
37
7
12
85
12
42
20
7
4
63
48
28
29
18
17
31
57
34
53
29
70
11
53
61
29
26
94
8
44
52
78
94
11
50
1
14
76
46
96
40
37
8
79
57
33
68
20
15
88
20
77
73
67
31
1
40
41
11
38
32
52
89
97
54
46
29
9
42
16
65
84
23
45
15
2
94
61
67
14
73
39
4
57
90
57
84
91
47
4
12
29
54
12
76
82
45
15
13
3
24
33
79
41
82
90
6
77
56
23
94
96
60
12
48
72
26
55
71
18
4
93
19
23
45
10
59
74130
74140
74158
74168
74195
74278
74327
74380
74629
74637
74695
74869
74877
75230
75391
75475
75557
75586
75910
75985
76660
76864
76877
76959
77073
77276
77417
77453
77708
77773
77808
77822
77877
78037
78095
78141
78245
78340
78433
78471
78477
78483
78547
78739
78776
79104
79144
79195
79332
79374
79374
79634
79741
79753
79783
79806
79840
79878
80087
80120
80281
80340
80515
80813
80822
81108
81133
81207
81274
81440
81543
81621
81775
82389
82398
82453
82554
82616
82694
82715
82958
83209
83233
83520
83552
83595
83686
83746
83992
84102
84263
84293
84409
84505
84723
84814
84888
84965
84997
85023
85025
85151
85443
85456
85483
85566
85635
85657
85872
86003
86179
86189
86195
86584
86609
86694
86855
86859
86891
86968
86980
87007
87087
87421
87465
87689
87805
87809
87864
88304
88525
88714
88974
89017
89060
89070
89340
89353
89376
89500
89622
89723
89801
89973
90040
90220
90420
90458
90589
90736
90994
91261
91305
91479
91578
91704
91737
91862
91922
91966
92052
92116
92441
92561
92577
92602
92960
93031
93032
93168
93190
93269
93352
93487
93541
93606
93638
93729
93869
94128
94180
94276
94284
94292
94336
94477
94515
94546
94575
94661
94798
94946
94988
95066
95550
95559
95585
95626
95693
95743
95768
95821
95845
95899
95941
95945
96108
96130
96300
96375
96604
96816
96817
96881
96999
97069
97140
97248
97274
97339
97406
97550
97602
97691
97706
97905
97958
98008
98069
98091
98105
98145
98498
98513
98679
98817
98854
99117
99145
99170
99197
99365
99494
99524
99546
99759
99821
99877
99900
