1
6
60
89
104
105
107
107
114
117
118
131
136
141
185
190
191
243
249
255
264
276
288
296
319
321
325
338
342
343
351
362
371
381
383
384
394
399
408
419
419
428
441
443
444
448
449
465
466
470
481
481
486
491
495
503
530
566
577
582
583
589
602
620
624
635
646
646
651
659
680
699
711
737
746
756
767
772
774
779
791
792
793
818
820
838
844
845
854
861
862
864
869
873
904
904
911
918
937
941
943
957
966
993
997
1000
1022
1029
1055
1077
1079
1089
1093
1125
1130
1139
1142
1144
1154
1168
1173
1188
1196
1196
1208
1210
1210
1210
1231
1234
1235
1259
1290
1292
1298
1300
1301
1306
1313
1346
1360
1363
1364
1371
1385
1398
1425
1428
1428
1433
1440
1476
1485
1487
1489
1494
1512
1519
1520
1533
1535
1543
1555
1569
1583
1598
1609
1625
1628
1631
1635
1647
1648
1648
1658
1663
1666
1673
1725
1733
1736
1737
1738
1774
1774
1786
1789
1831
1837
1854
1856
1919
1921
1945
1949
1951
1952
1952
1960
1970
1996
2000
2007
2029
2072
2094
2096
2097
2105
2146
2156
2157
2159
2164
2168
2190
2203
2208
2216
2227
2231
2252
2267
2271
2285
2309
2312
2321
2332
2343
2360
2383
2383
2399
2400
2401
2417
2432
2450
2478
2492
2499
2508
2516
2536
2537
2539
2543
2578
2599
2604
2606
2624
2626
2631
2678
2689
2690
2710
2735
2736
2746
2754
2782
2784
2791
2792
2844
2861
2880
2886
2901
2914
2914
2920
2938
2941
2943
2956
2959
2960
2999
2999
3003
3011
3014
3014
3018
3018
3022
3023
3024
3033
3049
3056
3067
3075
3113
3113
3144
3145
3146
3149
3154
3168
3174
3194
3216
3225
3227
3231
3239
3318
3321
3326
3335
3355
3358
3362
3362
3365
3405
3415
3422
3434
3442
3445
3454
3462
3476
3477
3490
3493
3511
3533
3559
3561
3566
3574
3581
3583
3587
3597
3598
3599
3600
3600
3613
3624
3631
3650
3671
3674
3686
3687
3697
3702
3733
3747
3748
3763
3763
3766
3782
3798
3805
3826
3833
3841
3842
3863
3866
3867
3926
3936
3947
3963
3974
3997
3998
4006
4008
4011
4019
4022
4022
4030
4038
4042
4055
4066
4070
4089
4111
4137
4145
4186
4199
4201
4204
4249
4254
4259
4260
4272
4287
4315
4325
4337
4342
4366
4368
4396
4398
4401
4426
4435
4439
4445
4470
4483
4489
4525
4528
4544
4546
4549
4564
4567
4573
4584
4591
4607
4629
4644
4655
4665
4665
4677
4687
4689
4696
4705
4729
4744
4747
4754
4770
4771
4783
4799
4818
4822
4833
4846
4854
4861
4874
4879
4885
4890
4895
4895
4897
4904
4907
4925
4927
4948
4960
4978
4981
4995
5019
5028
5031
5033
5034
5036
5040
5087
5090
5101
5106
5108
5110
5124
5126
5137
5140
5145
5145
5152
5170
5174
5180
5182
5182
5205
5210
5226
5233
5258
5264
5267
5295
5299
5301
5306
5308
5308
5308
5313
5326
5373
5376
5406
5414
5421
5427
5428
5435
5439
5442
5455
5464
5466
5469
5487
5496
5501
5515
5516
5523
5527
5552
5567
5568
5576
5582
5592
5599
5618
5620
5624
5628
5635
5653
5659
5674
5676
5677
5684
5691
5697
5697
5703
5704
5707
5713
5731
5735
5758
5758
5769
5771
5776
5786
5789
5793
5798
5803
5807
5828
5834
5842
5844
5846
5851
5854
5885
5889
5907
5912
5912
5937
5937
5937
5939
5955
5974
5979
6002
6028
6030
6031
6040
6047
6053
6057
6063
6090
6091
6104
6116
6123
6138
6152
6161
6165
6168
6174
6191
6192
6208
6223
6224
6235
6237
6244
6260
6270
6322
6322
6333
6357
6373
6380
6400
6405
6416
6419
6441
6452
6455
6457
6459
6468
6523
6535
6539
6562
6566
6576
6622
6630
6631
6648
6653
6672
6682
6683
6684
6693
6694
6726
6740
6752
6755
6759
6772
6778
6779
6781
6798
6806
6810
6812
6813
6816
6823
6855
6856
6856
6870
6887
6909
6917
6923
6926
6927
6934
6939
6985
6993
6995
6995
7014
7023
7043
7069
7087
7108
7113
7114
7124
7137
7139
7147
7150
7152
7162
7162
7163
7172
7175
7175
7193
7194
7200
7209
7211
7213
7213
7220
7221
7228
7236
7241
7248
7279
7289
7291
7296
7306
7319
7336
7346
7356
7356
7375
7381
7393
7397
7480
7518
7533
7538
7545
7558
7564
7566
7573
7585
7585
7596
7597
7600
7602
7603
7604
7616
7672
7689
7694
7721
7750
7754
7756
7776
7791
7793
7794
7807
7812
7818
7840
7855
7865
7867
7875
7885
7888
7893
7910
7924
7935
7941
7942
7943
7951
7953
7958
7964
7976
7984
7992
8014
8016
8030
8043
8052
8058
8059
8071
8077
8077
8082
8106
8116
8121
8125
8158
8165
8180
8217
8237
8261
8304
8310
8336
8379
8412
8413
8418
8420
8421
8449
8478
8483
8486
8509
8517
8522
8525
8538
8554
8557
8569
8570
8583
8603
8612
8626
8628
8630
8632
8660
8666
8677
8687
8698
8714
8737
8737
8749
8759
8771
8783
8792
8797
8800
8804
8807
8813
8816
8826
8838
8843
8847
8850
8856
8864
8878
8897
8909
8926
8936
8937
8957
8963
8971
8977
9024
9047
9050
9055
9061
9066
9066
9077
9081
9106
9131
9136
9137
9140
9182
9187
9189
9203
9214
9221
9245
9249
9255
9262
9278
9284
9286
9287
9288
9292
9315
9321
9325
9327
9339
9347
9348
9355
9362
9368
9371
9384
9387
9391
9391
9393
9404
9410
9414
9416
9421
9426
9427
9429
9439
9464
9497
9500
9511
9532
9536
9555
9560
9565
9573
9576
9589
9590
9594
9601
9602
9618
9619
9654
9662
9667
9669
9689
9696
9710
9736
9739
9754
9761
9774
9798
9824
9865
9873
9888
9891
9892
9903
9905
9905
9926
9932
9943
9943
9951
9963
9979
9991
9997
10000
10008
10009
10031
10032
10061
10073
10081
10082
10086
10094
10124
10127
10161
10167
10168
10191
10195
10195
10198
10202
10202
10208
10230
10233
10243
10246
10257
10259
10260
10263
10286
10290
10298
10306
10319
10324
10329
10335
10337
10337
10343
10356
10371
10374
10375
10377
10380
10393
10409
10417
10447
10448
10448
10451
10456
10470
10485
10507
10521
10561
10574
10580
10591
10595
10596
10602
10632
10637
10641
10643
10648
10654
10680
10683
10685
10696
10705
10711
10721
10721
10734
10738
10745
10757
10758
10771
10775
10779
10832
10839
10850
10865
10867
10879
10880
10884
10907
10913
10928
10937
10943
10973
10989
11026
11034
11036
11038
11049
11050
11065
11095
11109
11114
11128
11130
11141
11142
11155
11156
11163
11167
11172
11189
11191
11191
11192
11201
11224
11227
11233
11236
11244
11270
11284
11327
11335
11340
11353
11366
11387
11387
11389
11392
11404
11405
11416
11419
11449
11450
11461
11463
11464
11465
11469
11476
11490
11492
11492
11501
11510
11510
11517
11522
11532
11533
11549
11551
11555
11567
11570
11583
11606
11608
11613
11614
11634
11679
11682
11684
11689
11690
11709
11720
11725
11731
11747
11752
11755
11761
11764
11805
11821
11828
11832
11837
11840
11847
11847
11852
11889
11898
11912
11914
11919
11924
11945
11964
11968
11978
12001
12012
12072
12080
12085
12090
12092
12101
12102
12108
12123
12158
12158
12159
12163
12192
12205
12205
12221
12226
12236
12280
12286
12290
12320
12321
12343
12349
12357
12361
12372
12380
12384
12389
12397
12411
12429
12449
12468
12470
12475
12480
12488
12491
12497
12499
12513
12523
12531
12541
12543
12562
12572
12575
12582
12591
12603
12615
12633
12664
12675
12686
12687
12689
12705
12713
12733
12734
12746
12747
12811
12815
12821
12827
12828
12831
12836
12837
12837
12838
12873
12879
12907
12918
12921
12925
12931
12936
12955
12968
12979
12983
12984
12997
13007
13009
13012
13031
13052
13058
13059
13065
13116
13119
13127
13141
13143
13154
13162
13178
13184
13201
13204
13213
13220
13228
13243
13269
13271
13287
13289
13293
13294
13294
13295
13310
13310
13314
13339
13344
13349
13353
13366
13369
13386
13390
13393
13399
13410
13414
13415
13430
13430
13442
13448
13458
13470
13493
13506
13508
13511
13520
13521
13522
13535
13538
13543
13544
13577
13593
13625
13629
13634
13644
13652
13673
13674
13689
13693
13697
13702
13705
13710
13714
13720
13725
13728
13731
13733
13737
13741
13761
13769
13781
13813
13815
13839
13846
13846
13850
13878
13881
13887
13896
13900
13908
13915
13930
13931
13936
13937
13951
13962
13964
13973
13991
13994
13996
14010
14016
14018
14026
14054
14058
14094
14106
14116
14132
14155
14165
14181
14194
14219
14231
14266
14278
14292
14299
14306
14309
14341
14344
14344
14347
14368
14369
14391
14393
14395
14403
14407
14410
14426
14428
14435
14443
14470
14485
14502
14513
14533
14534
14537
14540
14542
14549
14569
14575
14577
14578
14582
14587
14602
14611
14614
14624
14626
14626
14629
14666
14668
14680
14686
14689
14694
14711
14721
14722
14733
14736
14737
14763
14778
14780
14811
14824
14836
14837
14839
14847
14855
14857
14857
14893
14901
14903
14932
14934
14951
14957
14962
14965
14982
14988
14991
14996
15004
15007
15010
15011
15023
15032
15037
15040
15040
15064
15076
15088
15089
15106
15116
15142
15166
15182
15201
15219
15235
15245
15252
15252
15325
15328
15347
15352
15367
15371
15392
15408
15435
15443
15444
15467
15470
15495
15512
15534
15534
15535
15553
15590
15595
15601
15611
15616
15626
15627
15656
15667
15671
15675
15680
15680
15696
15696
15699
15734
15751
15767
15771
15773
15774
15778
15798
15811
15815
15825
15830
15830
15831
15853
15857
15861
15875
15881
15925
15936
15937
15942
15948
15957
15959
15975
15996
16007
16015
16024
16028
16031
16033
16037
16047
16113
16141
16142
16169
16170
16173
16177
16187
16190
16218
16219
16230
16231
16241
16269
16274
16286
16306
16309
16327
16341
16343
16345
16365
16377
16386
16387
16391
16396
16402
16404
16410
16410
16416
16424
16426
16432
16432
16447
16453
16459
16463
16465
16467
16474
16493
16513
16522
16524
16536
16547
16569
16589
16595
16609
16629
16630
16637
16647
16649
16654
16662
16663
16666
16669
16687
16694
16698
16706
16708
16721
16723
16729
16730
16748
16770
16777
16789
16794
16794
16805
16806
16811
16823
16833
16860
16866
16896
16898
16910
16916
16924
16926
16943
16946
16948
16955
16965
16987
16995
17009
17012
17015
17021
17032
17037
17042
17047
17047
17068
17073
17076
17082
17093
17121
17137
17138
17150
17204
17205
17213
17246
17265
17289
17299
17322
17327
17335
17340
17341
17345
17346
17365
17371
17372
17378
17389
17399
17401
17411
17438
17445
17447
17460
17467
17476
17480
17493
17501
17516
17520
17551
17559
17570
17602
17622
17645
17649
17678
17687
17689
17701
17705
17726
17739
17756
17769
17792
17803
17816
17834
17835
17843
17844
17848
17852
17860
17864
17885
17894
17899
17901
17929
17957
17959
17963
17968
17979
17994
17997
17997
18012
18024
18047
18066
18068
18069
18069
18071
18072
18082
18082
18084
18088
18107
18109
18125
18135
18140
18146
18167
18173
18180
18183
18183
18211
18219
18226
18232
18239
18243
18247
18251
18255
18273
18280
18281
18282
18296
18299
18326
18373
18378
18387
18396
18402
18404
18415
18437
18438
18441
18445
18449
18462
18506
18515
18534
18540
18544
18544
18550
18552
18573
18575
18582
18619
18626
18646
18647
18655
18687
18715
18756
18770
18771
18775
18808
18829
18843
18860
18873
18880
18881
18902
18934
18939
18949
18954
18957
18958
18959
18961
18968
18972
18988
18989
18995
19016
19018
19049
19067
19072
19076
19086
19093
19107
19108
19112
19117
19119
19123
19142
19143
19154
19157
19170
19176
19177
19191
19213
19219
19220
19221
19228
19241
19258
19268
19280
19287
19315
19320
19320
19336
19344
19350
19352
19377
19381
19391
19397
19405
19442
19443
19459
19471
19477
19491
19496
19498
19514
19515
19524
19526
19536
19540
19554
19561
19563
19565
19571
19572
19576
19583
19586
19588
19602
19609
19610
19619
19627
19639
19640
19649
19652
19687
19687
19714
19730
19742
19747
19761
19772
19789
19789
19791
19807
19822
19831
19845
19852
19877
19884
19899
19901
19902
19902
19912
19914
19933
19938
19957
19966
19968
19985
19990
19990
20047
20066
20068
20085
20092
20094
20107
20111
20125
20149
20151
20152
20159
20168
20171
20176
20219
20220
20225
20226
20248
20257
20271
20272
20292
20302
20303
20303
20305
20325
20328
20350
20360
20361
20365
20367
20374
20377
20388
20398
20399
20412
20430
20436
20438
20450
20450
20452
20460
20479
20482
20486
20487
20506
20516
20529
20541
20545
20573
20591
20606
20639
20653
20709
20711
20714
20732
20747
20765
20770
20801
20812
20828
20834
20844
20850
20861
20873
20874
20874
20895
20899
20900
20917
20926
20936
20945
21026
21029
21038
21042
21069
21072
21075
21083
21084
21088
21094
21095
21096
21104
21106
21110
21111
21130
21156
21167
21180
21183
21184
21189
21204
21216
21220
21233
21235
21245
21261
21273
21281
21284
21285
21287
21295
21300
21301
21313
21325
21337
21341
21356
21370
21374
21374
21375
21395
21399
21402
21405
21406
21410
21419
21428
21433
21442
21474
21475
21496
21497
21503
21503
21506
21511
21524
21525
21546
21555
21578
21580
21581
21582
21591
21599
21602
21625
21639
21642
21652
21662
21667
21723
21729
21731
21738
21742
21742
21744
21745
21754
21761
21765
21775
21787
21823
21827
21833
21848
21851
21857
21871
21878
21895
21905
21908
21911
21954
21961
21988
21988
21989
22000
22003
22011
22014
22064
22068
22071
22074
22091
22096
22101
22106
22121
22126
22189
22198
22227
22229
22247
22263
22266
22275
22289
22290
22295
22305
22308
22325
22342
22345
22349
22349
22358
22364
22369
22376
22380
22393
22398
22407
22419
22440
22455
22464
22470
22478
22489
22494
22498
22517
22520
22521
22522
22525
22530
22533
22538
22545
22578
22585
22586
22597
22613
22617
22623
22640
22642
22650
22669
22670
22673
22677
22697
22718
22740
22767
22767
22786
22789
22797
22815
22819
22831
22866
22871
22878
22883
22885
22890
22894
22906
22929
22929
22949
22950
22954
22960
22965
22969
22980
22981
22988
22999
23003
23004
23008
23029
23037
23047
23070
23087
23087
23097
23109
23119
23131
23139
23154
23166
23170
23172
23174
23191
23192
23206
23207
23228
23257
23260
23266
23272
23274
23278
23297
23305
23320
23328
23328
23329
23331
23343
23357
23360
23373
23378
23391
23407
23409
23409
23414
23420
23438
23448
23461
23479
23484
23493
23515
23535
23549
23549
23554
23566
23571
23577
23607
23614
23623
23648
23666
23676
23678
23679
23680
23692
23693
23698
23721
23726
23742
23753
23776
23798
23815
23842
23863
23865
23874
23882
23894
23895
23898
23905
23920
23922
23934
23937
23950
23953
23965
23967
23969
23977
23994
23997
24001
24003
24033
24067
24082
24082
24090
24090
24093
24124
24150
24185
24189
24192
24202
24234
24242
24251
24264
24269
24279
24279
24308
24309
24338
24338
24351
24360
24363
24366
24375
24381
24402
24404
24407
24412
24424
24429
24485
24498
24500
24512
24517
24541
24561
24561
24584
24602
24618
24624
24635
24658
24660
24662
24665
24671
24671
24685
24690
24692
24699
24705
24712
24713
24714
24714
24721
24731
24738
24741
24749
24755
24757
24797
24842
24842
24852
24853
24854
24858
24876
24884
24889
24891
24892
24893
24908
24922
24986
24990
24994
25017
25022
25027
25041
25054
25056
25072
25077
25080
25085
25100
25106
25108
25109
25135
25137
25144
25145
25151
25155
25164
25209
25213
25219
25231
25234
25237
25273
25275
25277
25290
25305
25327
25328
25330
25335
25338
25343
25349
25354
25360
25361
25362
25377
25389
25407
25410
25420
25441
25443
25444
25448
25450
25463
25465
25467
25469
25490
25496
25498
25499
25500
25500
25504
25510
25511
25512
25516
25556
25559
25572
25580
25582
25606
25622
25624
25640
25644
25651
25664
25668
25669
25675
25682
25690
25696
25703
25713
25738
25739
25742
25743
25758
25768
25769
25771
25778
25784
25785
25829
25830
25863
25870
25871
25880
25911
25918
25949
25949
25957
25961
25982
25987
25995
25998
26005
26023
26027
26030
26059
26085
26087
26104
26119
26126
26139
26150
26172
26180
26183
26197
26206
26211
26216
26222
26256
26258
26265
26290
26295
26296
26305
26307
26307
26316
26330
26342
26358
26366
26370
26380
26384
26414
26423
26428
26459
26470
26472
26485
26487
26502
26505
26513
26514
26515
26521
26529
26545
26587
26588
26608
26624
26629
26636
26658
26670
26683
26695
26696
26696
26699
26705
26713
26719
26722
26733
26739
26741
26742
26763
26768
26768
26777
26788
26807
26814
26821
26823
26844
26844
26852
26874
26877
26890
26906
26914
26919
26925
26955
26958
26969
26978
26981
26985
26992
26996
27040
27059
27065
27075
27078
27092
27097
27110
27111
27112
27129
27136
27137
27141
27151
27166
27170
27179
27185
27195
27213
27215
27223
27236
27252
27260
27276
27276
27285
27298
27301
27306
27322
27326
27333
27337
27342
27349
27355
27357
27359
27365
27374
27386
27402
27407
27408
27413
27414
27417
27428
27457
27483
27501
27501
27506
27508
27512
27515
27541
27558
27587
27590
27592
27597
27602
27607
27611
27615
27629
27629
27636
27638
27643
27653
27657
27658
27672
27673
27689
27719
27724
27724
27730
27750
27758
27770
27783
27811
27825
27827
27839
27853
27856
27859
27878
27882
27894
27895
27902
27912
27912
27925
27925
27938
27944
27946
27964
27977
27980
27990
28009
28010
28013
28017
28035
28062
28074
28091
28092
28106
28118
28122
28127
28152
28161
28167
28172
28174
28197
28238
28250
28263
28263
28290
28315
28328
28330
28336
28346
28371
28374
28377
28385
28387
28401
28407
28414
28419
28421
28458
28469
28476
28497
28498
28516
28524
28540
28546
28557
28568
28576
28576
28585
28605
28626
28633
28666
28684
28699
28706
28734
28740
28752
28762
28764
28766
28768
28773
28802
28821
28827
28834
28843
28846
28854
28860
28869
28873
28897
28903
28903
28907
28912
28915
28926
28929
28942
28955
28959
28961
28961
28984
28987
29003
29007
29013
29015
29017
29026
29038
29047
29076
29078
29085
29088
29098
29104
29104
29110
29137
29143
29153
29155
29188
29197
29202
29210
29226
29231
29232
29234
29235
29260
29273
29292
29309
29312
29320
29339
29389
29416
29418
29489
29496
29515
29516
29538
29543
29557
29560
29568
29580
29586
29597
29599
29603
29618
29627
29627
29635
29668
29668
29672
29679
29699
29702
29703
29708
29714
29742
29742
29743
29745
29747
29747
29763
29778
29779
29794
29817
29819
29886
29901
29915
29985
29990
30000
30002
30008
30041
30044
30052
30066
30075
30080
30084
30110
30115
30127
30130
30134
30163
30180
30193
30203
30204
30205
30216
30220
30227
30242
30246
30262
30274
30288
30289
30292
30308
30309
30319
30345
30370
30379
30388
30423
30424
30459
30464
30465
30465
30476
30480
30482
30510
30512
30525
30548
30548
30556
30590
30601
30602
30602
30612
30626
30638
30649
30652
30653
30671
30694
30698
30702
30717
30718
30718
30725
30735
30736
30737
30744
30751
30760
30779
30792
30793
30797
30802
30813
30815
30815
30824
30845
30847
30859
30860
30862
30874
30896
30902
30908
30925
30940
30941
30942
30961
30963
30964
30974
30978
30983
31003
31003
31052
31077
31115
31124
31137
31141
31169
31179
31181
31182
31189
31189
31198
31205
31223
31229
31241
31255
31261
31266
31269
31275
31296
31298
31301
31321
31326
31327
31334
31346
31348
31358
31362
31378
31416
31416
31420
31420
31445
31445
31466
31468
31473
31474
31481
31481
31506
31509
31538
31548
31551
31558
31575
31587
31593
31621
31624
31637
31640
31648
31657
31670
31704
31707
31721
31755
31784
31786
31809
31810
31810
31832
31839
31840
31857
31866
31883
31894
31901
31934
31936
31943
31944
31950
31965
31968
31971
31973
31979
31985
31991
31996
31999
32018
32032
32042
32047
32055
32062
32075
32077
32080
32084
32091
32099
32100
32101
32102
32104
32110
32114
32115
32136
32154
32155
32157
32165
32178
32179
32189
32198
32210
32215
32224
32251
32259
32293
32296
32298
32305
32315
32336
32377
32379
32383
32387
32392
32399
32401
32406
32425
32427
32428
32430
32444
32466
32501
32503
32513
32515
32518
32519
32520
32521
32553
32579
32581
32595
32599
32626
32649
32681
32689
32690
32726
32730
32734
32750
32761
32762
32771
32785
32812
32832
32847
32871
32878
32882
32898
32903
32905
32908
32916
32918
32927
32938
32945
32960
32963
32963
32963
32974
32984
32987
32987
33022
33025
33040
33050
33059
33078
33085
33107
33116
33143
33147
33153
33153
33155
33165
33170
33187
33207
33219
33230
33243
33244
33253
33255
33269
33296
33299
33299
33305
33320
33321
33322
33322
33322
33332
33335
33355
33370
33372
33373
33373
33407
33410
33413
33430
33438
33441
33441
33442
33461
33477
33479
33519
33531
33536
33541
33557
33573
33575
33585
33600
33608
33608
33609
33611
33623
33624
33631
33642
33646
33669
33672
33702
33704
33705
33710
33718
33723
33743
33745
33765
33778
33789
33789
33791
33794
33804
33808
33812
33824
33849
33865
33867
33873
33888
33889
33904
33909
33913
33937
33939
33953
33957
33959
33960
33971
33990
33995
34004
34010
34037
34043
34043
34071
34077
34093
34102
34127
34140
34141
34162
34164
34164
34168
34176
34190
34195
34201
34213
34218
34224
34226
34231
34233
34242
34243
34252
34252
34255
34270
34298
34308
34321
34322
34327
34388
34398
34413
34423
34427
34428
34476
34477
34492
34506
34511
34528
34529
34543
34544
34575
34576
34578
34580
34580
34590
34603
34604
34606
34618
34625
34627
34638
34645
34675
34675
34687
34690
34719
34730
34731
34731
34733
34735
34747
34751
34758
34765
34781
34801
34810
34831
34832
34836
34841
34852
34879
34884
34893
34897
34939
34946
34954
34956
34964
34976
34976
34978
34997
34997
35005
35007
35008
35016
35033
35039
35039
35087
35107
35119
35122
35136
35156
35161
35167
35177
35194
35196
35207
35220
35221
35227
35234
35252
35255
35261
35263
35268
35268
35272
35317
35324
35329
35350
35386
35395
35397
35402
35404
35406
35434
35436
35448
35453
35465
35479
35496
35500
35516
35525
35528
35541
35550
35554
35573
35573
35574
35580
35582
35597
35600
35612
35642
35655
35658
35661
35665
35678
35683
35689
35692
35714
35723
35757
35776
35830
35834
35846
35855
35856
35862
35862
35867
35874
35880
35880
35883
35896
35913
35917
35923
35934
35941
35945
35956
35972
35978
35993
35997
36005
36041
36054
36066
36096
36103
36124
36136
36136
36139
36149
36166
36175
36189
36197
36218
36224
36229
36230
36230
36242
36246
36248
36261
36262
36267
36284
36288
36290
36291
36308
36311
36312
36319
36343
36345
36359
36368
36379
36379
36381
36399
36400
36403
36407
36420
36425
36440
36453
36469
36478
36496
36509
36516
36522
36536
36549
36560
36562
36563
36584
36585
36609
36638
36641
36642
36643
36646
36649
36663
36664
36687
36691
36701
36702
36719
36728
36734
36736
36752
36767
36778
36784
36804
36813
36831
36847
36853
36860
36863
36870
36888
36898
36900
36910
36915
36927
36931
36938
37002
37039
37046
37046
37055
37058
37076
37077
37111
37116
37118
37125
37131
37134
37140
37147
37157
37164
37181
37187
37199
37216
37226
37248
37257
37282
37303
37314
37345
37348
37362
37400
37400
37402
37456
37504
37515
37533
37556
37558
37558
37577
37578
37579
37588
37590
37591
37603
37608
37611
37613
37629
37649
37660
37679
37684
37715
37723
37765
37789
37798
37803
37817
37819
37819
37825
37830
37836
37844
37855
37855
37856
37856
37859
37864
37870
37892
37903
37905
37913
37928
37943
37957
37958
37975
37990
38003
38007
38019
38022
38023
38028
38046
38066
38076
38077
38110
38113
38123
38128
38131
38134
38137
38149
38155
38158
38168
38179
38181
38189
38191
38195
38202
38223
38236
38252
38275
38280
38280
38285
38299
38305
38309
38310
38332
38335
38345
38353
38360
38371
38380
38398
38403
38409
38409
38423
38425
38448
38455
38487
38489
38490
38505
38509
38514
38528
38538
38569
38570
38573
38580
38590
38591
38594
38595
38605
38615
38620
38620
38622
38624
38626
38630
38642
38655
38668
38680
38697
38699
38709
38716
38716
38717
38728
38752
38764
38788
38789
38803
38822
38843
38844
38848
38857
38867
38867
38891
38893
38900
38902
38910
38920
38935
38943
38947
38952
38962
38967
38970
38993
39045
39072
39101
39106
39109
39129
39153
39177
39188
39211
39211
39213
39221
39225
39231
39232
39247
39248
39252
39261
39263
39299
39331
39339
39343
39358
39366
39369
39371
39384
39387
39409
39410
39416
39417
39423
39425
39458
39496
39502
39502
39511
39523
39568
39589
39593
39604
39612
39627
39636
39641
39648
39663
39671
39673
39676
39679
39687
39693
39696
39702
39713
39714
39738
39753
39763
39781
39783
39821
39891
39896
39897
39910
39910
39923
39929
39953
39956
39957
39960
39962
39983
39992
39999
40005
40020
40029
40034
40036
40041
40048
40051
40052
40077
40084
40115
40118
40122
40124
40158
40169
40179
40187
40193
40197
40198
40203
40210
40213
40229
40250
40256
40266
40274
40292
40294
40295
40297
40313
40339
40341
40346
40352
40357
40371
40390
40404
40410
40436
40448
40452
40457
40468
40469
40476
40479
40482
40508
40527
40558
40560
40591
40593
40594
40595
40622
40628
40637
40653
40660
40663
40666
40693
40701
40702
40729
40733
40737
40758
40765
40774
40777
40779
40779
40785
40789
40801
40805
40815
40832
40871
40883
40894
40896
40899
40900
40913
40929
40931
40943
40945
40955
40959
40960
40965
40972
40979
40987
40987
40997
41005
41014
41025
41025
41027
41028
41059
41067
41080
41081
41096
41116
41153
41162
41190
41204
41208
41208
41232
41241
41247
41249
41253
41260
41266
41268
41284
41291
41305
41306
41334
41339
41347
41351
41353
41364
41372
41390
41392
41414
41427
41439
41444
41447
41467
41470
41486
41497
41500
41528
41572
41579
41580
41581
41617
41617
41649
41650
41656
41666
41673
41698
41702
41706
41707
41709
41710
41716
41740
41744
41745
41745
41746
41747
41748
41750
41753
41761
41762
41766
41775
41783
41784
41794
41798
41802
41805
41814
41817
41834
41835
41860
41875
41876
41894
41894
41910
41914
41916
41930
41933
41936
41946
41996
42004
42005
42005
42015
42045
42045
42056
42059
42084
42087
42088
42093
42100
42108
42111
42119
42123
42127
42129
42133
42149
42160
42168
42170
42170
42176
42182
42195
42204
42205
42213
42220
42225
42251
42253
42253
42254
42288
42353
42364
42371
42385
42389
42394
42400
42408
42415
42422
42424
42429
42438
42447
42449
42459
42460
42473
42497
42503
42515
42533
42559
42569
42576
42578
42582
42583
42589
42604
42604
42622
42623
42630
42649
42649
42661
42665
42675
42686
42689
42706
42706
42707
42709
42727
42729
42729
42741
42759
42768
42774
42788
42801
42811
42811
42817
42835
42851
42869
42875
42886
42909
42912
42921
42926
42940
42954
42966
42966
42981
42982
42985
42996
42999
43004
43018
43018
43022
43027
43050
43089
43089
43099
43112
43119
43121
43127
43136
43145
43162
43162
43166
43172
43189
43193
43196
43208
43226
43236
43259
43261
43285
43305
43314
43322
43327
43355
43371
43372
43376
43387
43393
43398
43399
43401
43431
43433
43452
43472
43490
43490
43497
43504
43509
43521
43535
43540
43549
43553
43556
43560
43575
43601
43609
43611
43612
43635
43636
43646
43675
43682
43685
43695
43700
43707
43717
43728
43732
43737
43748
43749
43753
43760
43764
43767
43773
43780
43803
43807
43819
43834
43844
43854
43856
43867
43890
43896
43897
43908
43914
43925
43926
43928
43942
43950
43967
43971
43979
43981
43983
43992
44005
44012
44020
44050
44051
44057
44065
44069
44075
44078
44085
44105
44108
44116
44122
44137
44141
44146
44146
44149
44163
44169
44179
44181
44184
44185
44227
44233
44285
44299
44304
44320
44342
44346
44359
44360
44365
44368
44371
44385
44412
44422
44423
44431
44441
44492
44493
44504
44513
44515
44539
44543
44543
44552
44554
44561
44574
44578
44579
44595
44598
44598
44600
44607
44608
44617
44631
44637
44640
44653
44663
44671
44678
44691
44696
44714
44716
44725
44739
44739
44744
44747
44762
44763
44765
44767
44782
44799
44801
44814
44818
44832
44847
44850
64
9
25
38
63
23
26
17
29
31
4
27
26
66
9
28
29
5
31
70
69
94
53
2
99
88
77
89
86
61
65
67
65
72
82
86
93
21
92
5
35
67
85
55
82
66
64
79
87
80
24
38
92
12
44
58
1
93
83
45
44
71
88
67
98
80
6
68
35
15
13
90
95
48
23
14
42
39
59
83
6
94
30
74
32
18
52
21
50
27
4
30
99
12
51
11
65
40
12
73
93
78
14
83
75
49
10
84
65
95
71
18
37
48
46
82
74
8
95
86
22
31
35
3
99
61
79
62
51
24
78
28
71
47
57
7
19
62
24
15
92
89
12
8
5
87
67
91
16
3
12
56
46
74
55
20
54
90
49
98
3
97
99
2
28
45
35
15
27
59
61
62
30
28
68
71
65
76
5
14
72
66
17
14
46
19
98
9
100
90
9
90
16
97
26
72
35
41
42
54
46
75
90
9
43
37
26
16
70
5
53
9
58
55
81
54
63
74
26
46
13
10
54
4
15
71
10
54
33
67
70
47
37
22
90
28
46
52
70
43
26
52
46
3
54
71
65
21
89
20
54
83
93
87
58
85
69
13
57
46
22
3
37
64
70
31
97
94
73
69
68
55
82
65
36
53
5
57
64
18
17
32
80
91
17
86
13
32
57
24
18
55
81
52
12
83
97
68
56
40
67
20
11
31
83
52
15
13
3
81
46
55
8
80
44
52
69
99
58
42
93
58
56
62
50
53
58
12
4
90
11
1
65
10
35
26
88
80
84
66
19
35
18
61
52
98
73
79
91
76
95
68
12
59
56
7
3
37
37
71
44
96
25
43
67
65
19
84
67
30
60
57
55
67
98
97
42
19
12
91
64
40
47
48
20
62
1
58
8
33
32
62
58
71
85
59
26
14
62
3
94
67
91
96
97
30
29
78
99
86
80
18
9
32
21
67
49
76
43
79
41
13
15
100
2
74
75
32
26
36
35
95
95
24
76
42
46
83
75
27
41
33
58
43
35
68
61
98
71
34
46
94
87
42
37
7
74
85
22
82
19
18
45
27
74
31
2
96
58
12
53
72
96
93
22
64
12
73
66
62
8
53
94
22
69
76
92
12
59
26
72
57
98
4
29
46
51
57
9
76
28
78
31
81
6
42
95
70
19
47
79
5
80
84
68
61
30
43
83
70
98
10
82
65
42
23
21
18
65
95
82
94
20
39
43
69
58
49
19
76
17
70
47
94
15
12
63
36
84
57
39
37
38
35
21
80
20
17
94
45
51
15
7
58
63
85
57
58
90
54
29
37
23
72
26
71
80
92
44
56
64
91
19
51
94
63
30
63
5
47
57
80
29
89
94
26
16
68
27
31
74
17
35
30
13
79
16
66
2
86
26
49
27
34
68
70
93
69
94
7
99
42
59
4
52
16
16
37
50
16
95
17
63
98
46
3
52
71
40
70
53
59
33
60
89
53
7
66
2
4
90
61
7
71
52
49
34
55
63
92
21
24
13
67
49
24
44
13
81
62
76
9
88
6
55
15
35
64
63
77
6
6
11
8
11
45
89
21
87
9
28
9
29
25
9
88
87
4
17
41
54
33
11
67
59
60
45
37
85
64
3
91
18
10
4
63
2
89
55
99
89
36
94
85
37
2
88
29
10
61
32
99
22
86
61
61
42
87
32
28
33
38
14
26
23
73
4
79
4
15
99
31
16
75
17
20
46
57
63
37
58
99
40
73
90
26
32
12
79
77
28
34
30
4
11
79
41
15
29
97
81
99
98
74
84
86
97
75
35
15
70
93
47
96
12
64
81
52
78
17
53
51
23
95
23
56
56
6
62
30
56
73
5
88
13
64
57
81
43
3
35
73
91
88
52
10
48
100
50
87
65
50
35
27
42
45
57
82
84
9
2
22
98
48
35
8
17
96
42
97
64
43
94
35
10
12
70
88
35
49
42
83
96
22
55
36
98
98
65
69
44
82
99
49
63
91
67
20
86
31
7
15
96
41
59
89
31
81
30
41
87
94
89
79
74
7
25
3
84
40
37
26
78
42
80
16
27
40
71
37
93
73
27
33
79
91
21
47
33
15
87
10
40
41
86
57
11
47
100
92
76
40
5
99
53
36
38
87
66
37
42
92
19
5
39
40
1
57
41
96
63
81
63
83
42
19
85
21
28
9
75
2
69
34
91
81
20
99
12
32
42
50
10
81
86
67
70
34
53
72
47
59
73
32
6
67
7
94
43
87
27
65
19
24
22
4
82
81
82
58
54769
54769
54771
54784
54801
54807
54825
54844
54847
54850
54855
54861
54864
54874
54879
54883
54884
54903
54942
54959
54963
54963
54975
54992
54995
55014
55019
55029
55034
55041
55049
55051
55055
55058
55078
55080
55093
55103
55105
55110
55116
55116
55119
55134
55144
55162
55162
55169
55210
55238
55255
55256
55261
55276
55297
55310
55314
55325
55335
55337
55364
55371
55394
55418
55423
55448
55451
55477
55480
55510
55527
55556
55574
55586
55598
55629
55641
55641
55649
55656
55659
55662
55668
55678
55699
55723
55727
55736
55760
55769
55785
55792
55804
55812
55816
55816
55865
55879
55880
55882
55928
55933
55958
55964
55965
55967
55969
55981
55985
55989
56009
56015
56021
56026
56033
56035
56056
56057
56080
56086
56092
56092
56117
56126
56147
56149
56168
56178
56180
56180
56194
56196
56199
56215
56224
56226
56227
56230
56252
56254
56263
56281
56301
56308
56312
56316
56321
56326
56330
56332
56368
56370
56370
56374
56394
56402
56421
56442
56443
56447
56449
56489
56499
56504
56506
56518
56528
56531
56544
56548
56552
56555
56564
56594
56605
56611
56616
56621
56625
56627
56631
56645
56657
56664
56665
56665
56693
56695
56699
56703
56710
56713
56724
56732
56735
56771
56774
56774
56788
56802
56805
56810
56817
56823
56832
56847
56851
56867
56890
56907
56937
56938
56946
56951
56954
56956
56959
56966
56971
56978
56998
57005
57008
57028
57040
57059
57073
57079
57079
57113
57123
57125
57138
57157
57169
57173
57197
57197
57215
57220
57242
57250
57266
57272
57284
57285
57293
57304
57320
57326
57329
57337
57356
57371
57376
57388
57394
57398
57398
57402
57403
57423
57449
57455
57472
57492
57503
57512
57524
57527
57530
57532
57533
57540
57551
57562
57596
57602
57611
57614
57616
57617
57643
57643
57657
57680
57688
57693
57697
57697
57703
57722
57724
57732
57742
57751
57780
57782
57785
57787
57789
57789
57790
57790
57809
57813
57837
57838
57854
57854
57878
57882
57890
57894
57912
57914
57915
57919
57930
57932
57942
57952
57967
57995
58001
58034
58044
58064
58080
58086
58093
58106
58107
58119
58121
58129
58130
58145
58150
58170
58172
58172
58173
58175
58177
58194
58205
58245
58259
58273
58276
58292
58319
58322
58328
58332
58339
58349
58352
58353
58356
58357
58363
58363
58368
58382
58404
58405
58409
58424
58432
58440
58451
58464
58465
58498
58504
58516
58533
58548
58550
58555
58556
58560
58561
58572
58585
58602
58605
58606
58612
58627
58631
58648
58660
58663
58667
58670
58671
58681
58683
58692
58697
58705
58714
58726
58742
58757
58779
58791
58794
58796
58807
58832
58834
58836
58864
58898
58902
58944
58992
58993
59038
59048
59065
59067
59071
59071
59077
59082
59091
59109
59109
59112
59138
59145
59156
59173
59189
59195
59233
59238
59279
59295
59308
59309
59326
59332
59332
59340
59351
59367
59367
59370
59371
59372
59397
59403
59412
59416
59417
59417
59430
59434
59436
59437
59445
59445
59472
59480
59482
59483
59483
59490
59499
59501
59525
59539
59552
59562
59569
59570
59574
59581
59587
59594
59597
59609
59617
59627
59629
59630
59663
59671
59677
59681
59692
59695
59723
59727
59728
59735
59738
59757
59805
59817
59834
59837
59859
59878
59883
59888
59896
59902
59907
59914
59917
59919
59940
59944
59945
59953
59956
59963
59967
59972
59974
59976
59986
59990
60004
60007
60008
60038
60039
60048
60060
60068
60073
60073
60077
60105
60117
60123
60132
60149
60163
60174
60186
60204
60230
60241
60250
60281
60289
60302
60302
60303
60313
60326
60334
60359
60366
60385
60398
60436
60477
60502
60503
60506
60506
60507
60514
60570
60570
60605
60632
60632
60656
60668
60706
60709
60711
60725
60733
60751
60773
60798
60800
60805
60815
60820
60822
60844
60886
60888
60905
60914
60936
60937
60950
60964
60968
60969
60982
60987
60997
61003
61011
61038
61043
61044
61050
61067
61073
61093
61101
61101
61105
61115
61123
61155
61159
61165
61180
61186
61188
61191
61191
61199
61201
61216
61228
61232
61247
61251
61271
61305
61316
61324
61332
61340
61341
61351
61380
61399
61402
61407
61413
61429
61433
61440
61448
61449
61452
61459
61471
61486
61488
61494
61518
61529
61541
61548
61557
61567
61568
61583
61585
61593
61593
61606
61621
61626
61633
61692
61695
61707
61709
61720
61726
61726
61733
61737
61768
61769
61790
61799
61814
61820
61838
61840
61843
61844
61850
61853
61865
61871
61919
61923
61943
61954
61957
62012
62039
62039
62042
62056
62059
62068
62076
62101
62105
62108
62112
62131
62133
62139
62143
62145
62149
62149
62150
62152
62159
62160
62173
62176
62180
62183
62196
62210
62224
62226
62251
62265
62265
62295
62298
62306
62320
62324
62330
62349
62350
62359
62369
62382
62384
62387
62393
62394
62394
62412
62420
62424
62454
62457
62457
62459
62463
62468
62471
62474
62483
62494
62513
62515
62517
62525
62527
62529
62530
62559
62570
62581
62585
62588
62589
62590
62599
62600
62614
62617
62617
62619
62629
62633
62637
62647
62652
62658
62664
62667
62671
62673
62678
62687
62702
62715
62715
62717
62734
62752
62757
62764
62768
62797
62804
62811
62819
62844
62847
62865
62889
62913
62914
62956
62960
62967
62973
62981
62988
62990
62995
63003
63008
63021
63028
63035
63050
63051
63060
63072
63083
63089
63090
63098
63126
63127
63129
63148
63160
63173
63177
63180
63187
63201
63202
63223
63229
63232
63260
63273
63278
63285
63287
63290
63290
63304
63311
63314
63316
63330
63342
63345
63353
63362
63368
63370
63371
63382
63386
63390
63397
63406
63407
63411
63414
63426
63431
63449
63456
63460
63460
63461
63469
63488
63495
63513
63525
63536
63536
63593
63599
63605
63605
63607
63617
63626
63632
63649
63671
63681
63689
63720
63727
63733
63750
63756
63774
63803
63807
63814
63815
63815
63827
63830
63841
63843
63849
63882
63883
63900
63908
63911
63932
63943
63947
63950
63955
63966
63977
63997
64000
64006
64008
64023
64034
64041
64042
64043
64051
64066
64069
64078
64079
64085
64093
64102
64104
64115
64136
64137
64164
64187
64194
64194
64208
64221
64239
64239
64270
64288
64295
64303
64306
64337
64377
64383
64391
64397
64405
64409
64410
64420
64420
64421
64428
64433
64438
64441
64447
64449
64449
64465
64466
64468
64468
64471
64478
64513
64515
64515
64529
64542
64543
64550
64555
64572
64578
64608
64634
64675
64680
64681
64681
64690
64692
64698
64698
64703
64703
64730
64738
64753
64766
64784
64789
64795
64800
64806
64821
64831
64840
64865
64876
64890
64922
64939
64948
64969
64977
64990
64997
65000
65001
65005
65007
65012
65018
65021
65023
65045
65057
65064
65078
65110
65126
65141
65142
65167
65172
65176
65180
65188
65200
65214
65218
65223
65228
65234
65234
65235
65247
65247
65252
65273
65286
65294
65309
65313
65328
65329
65331
65335
65378
65391
65391
65394
65399
65410
65412
65426
65439
65440
65467
65472
65476
65507
65517
65523
65540
65543
65552
65567
65575
65586
65624
65633
65635
65635
65635
65656
65657
65665
65674
65677
65686
65687
65687
65694
65701
65701
65729
65747
65766
65770
65784
65785
65812
65814
65815
65815
65818
65841
65860
65875
65886
65905
65913
65927
65934
65936
65938
65946
65954
65960
65993
66008
66023
66045
66050
66050
66054
66092
66097
66103
66133
66177
66186
66194
66195
66226
66233
66254
66255
66257
66274
66295
66321
66323
66327
66329
66336
66337
66337
66341
66359
66369
66375
66388
66390
66398
66411
66413
66440
66445
66449
66451
66454
66460
66468
66469
66470
66473
66483
66483
66496
66497
66514
66532
66539
66540
66542
66545
66552
66578
66604
66621
66621
66628
66629
66632
66645
66696
66727
66737
66742
66745
66746
66747
66751
66761
66763
66769
66779
66796
66798
66862
66887
66892
66899
66914
66914
66919
66933
66942
66942
66956
66959
66972
66975
66987
66998
67008
67018
67029
67030
67046
67054
67079
67095
67096
67109
67124
67140
67142
67144
67145
67155
67157
67189
67194
67206
67218
67220
67231
67257
67281
67285
67306
67328
67329
67348
67361
67368
67380
67381
67388
67413
67414
67426
67428
67439
67451
67452
67460
67474
67482
67482
67505
67511
67527
67528
67535
67553
67559
67563
67580
67591
67607
67611
67635
67637
67640
67641
67664
67684
67690
67694
67696
67700
67701
67713
67716
67735
67737
67767
67770
67785
67790
67795
67827
67830
67835
67845
67846
67869
67869
67885
67890
67893
67897
67942
67944
67967
67975
67991
67991
67995
68004
68005
68006
68031
68034
68043
68046
68066
68071
68082
68083
68086
68087
68103
68125
68135
68148
68156
68164
68168
68173
68177
68184
68190
68213
68219
68224
68238
68238
68239
68240
68260
68279
68294
68295
68326
68340
68340
68346
68352
68356
68357
68359
68361
68367
68379
68382
68399
68404
68413
68418
68427
68438
68451
68470
68489
68506
68507
68507
68521
68526
68528
68540
68543
68561
68579
68583
68604
68628
68643
68644
68647
68647
68694
68696
68699
68714
68724
68730
68739
68750
68763
68771
68772
68780
68788
68789
68797
68807
68813
68822
68826
68826
68828
68836
68843
68864
68866
68867
68881
68884
68885
68915
68916
68923
68923
68927
68928
68946
68946
68984
69001
69011
69023
69030
69058
69060
69101
69101
69104
69112
69124
69125
69126
69129
69130
69144
69148
69155
69169
69169
69171
69171
69175
69178
69183
69190
69192
69192
69196
69229
69246
69256
69263
69268
69271
69291
69293
69312
69314
69328
69341
69375
69404
69408
69408
69408
69419
69420
69443
69448
69449
69454
69454
69468
69485
69489
69494
69516
69537
69548
69558
69563
69566
69575
69575
69578
69599
69601
69604
69627
69639
69678
69680
69683
69688
69720
69728
69730
69744
69759
69767
69788
69791
69791
69792
69800
69815
69821
69830
69835
69836
69840
69851
69855
69856
69859
69869
69882
69887
69890
69907
69925
69945
69969
69992
70015
70026
70030
70055
70072
70078
70079
70098
70114
70126
70130
70145
70152
70152
70154
70173
70189
70190
70201
70204
70226
70234
70240
70252
70312
70331
70342
70352
70363
70371
70371
70391
70422
70423
70457
70514
70515
70526
70535
70542
70545
70566
70582
70622
70622
70632
70639
70641
70643
70646
70651
70654
70672
70682
70700
70708
70714
70716
70720
70728
70735
70744
70748
70751
70757
70770
70773
70782
70787
70821
70856
70869
70885
70902
70903
70914
70924
70927
70938
70947
70948
70982
70994
71043
71059
71059
71065
71067
71109
71110
71114
71114
71120
71135
71137
71157
71173
71180
71189
71189
71211
71219
71237
71246
71252
71272
71272
71274
71309
71317
71323
71327
71342
71343
71349
71355
71355
71388
71391
71404
71404
71406
71407
71416
71422
71434
71462
71467
71471
71481
71484
71500
71500
71514
71531
71537
71546
71561
71572
71581
71585
71587
71592
71597
71604
71636
71647
71663
71668
71682
71692
71716
71721
71723
71728
71729
71729
71745
71754
71758
71760
71761
71783
71795
71823
71827
71839
71842
71866
71867
71880
71903
71906
71913
71921
71931
71932
71943
71950
71950
71957
71964
71975
71976
71987
71992
72016
72021
72030
72035
72036
72047
72059
72060
72066
72068
72073
72080
72093
72097
72112
72113
72152
72157
72167
72178
72184
72184
72195
72195
72225
72231
72238
72254
72259
72261
72261
72298
72309
72325
72328
72339
72350
72358
72358
72367
72398
72428
72442
72445
72450
72468
72472
72481
72501
72502
72516
72547
72560
72565
72580
72584
72586
72601
72603
72609
72647
72653
72655
72656
72673
72678
72678
72680
72695
72696
72696
72707
72728
72746
72770
72773
72775
72781
72781
72783
72799
72807
72814
72818
72831
72838
72860
72887
72901
72902
72902
72911
72919
72927
72936
72940
72953
72958
72959
72961
72968
72972
72979
72987
72992
72996
73017
73036
73065
73069
73093
73105
73107
73109
73115
73118
73139
73142
73145
73156
73161
73169
73186
73187
73189
73201
73217
73238
73240
73266
73285
73286
73288
73289
73294
73304
73312
73319
73321
73357
73367
73368
73374
73393
73401
73401
73421
73441
73479
73479
73481
73494
73499
73512
73515
73516
73518
73526
73574
73577
73592
73643
73652
73663
73666
73683
73695
73698
73699
73699
73702
73706
73710
73710
73712
73722
73733
73746
73751
73754
73759
73787
73793
73803
73828
73833
73838
73854
73858
73865
73871
73876
73876
73879
73882
73886
73891
73894
73922
73930
73965
73976
73979
73980
73991
73999
74007
74029
74032
74048
74067
74085
74088
74099
74106
74114
74133
74142
74145
74145
74176
74182
74186
74189
74192
74194
74199
74201
74202
74206
74209
74211
74213
74221
74232
74249
74252
74266
74275
74292
74298
74322
74323
74347
74368
74387
74388
74388
74408
74414
74419
74424
74433
74443
74459
74460
74475
74476
74479
74479
74480
74523
74526
74538
74540
74544
74548
74551
74553
74557
74561
74581
74619
74620
74636
74644
74659
74670
74673
74682
74709
74718
74726
74735
74741
74742
74758
74766
74781
74790
74794
74812
74815
74830
74840
74866
74870
74874
74880
74890
74894
74906
74907
74910
74913
74915
74926
74949
74961
74964
74968
74979
74980
74990
75020
75035
75043
75074
75077
75100
75100
75101
75117
75129
75131
75142
75148
75150
75169
75173
75185
75202
75209
75221
75222
75228
75239
75244
75247
75309
75311
75312
75334
75378
75387
75410
75416
75434
75441
75448
75455
75456
75465
75484
75486
75487
75490
75496
75504
75513
75529
75530
75545
75547
75557
75564
75565
75567
75570
75572
75582
75596
75654
75677
75688
75723
75747
75759
75761
75773
75775
75780
75783
75786
75790
75801
75810
75812
75815
75823
75829
75832
75845
75849
75849
75854
75856
75864
75875
75884
75892
75909
75911
75917
75927
75938
75939
75943
75948
75957
75958
75960
75975
75977
75984
75986
75994
75996
76005
76014
76025
76026
76036
76040
76054
76061
76077
76080
76098
76114
76126
76131
76154
76156
76159
76164
76200
76205
76250
76258
76259
76278
76279
76280
76302
76306
76307
76332
76348
76362
76367
76371
76375
76396
76402
76408
76412
76418
76422
76438
76460
76463
76471
76473
76477
76485
76491
76491
76492
76499
76508
76510
76516
76547
76555
76562
76571
76573
76588
76593
76594
76617
76637
76675
76706
76716
76717
76735
76740
76760
76781
76797
76800
76814
76815
76818
76847
76848
76872
76877
76886
76898
76899
76907
76921
76930
76932
76937
76940
76965
76971
76990
77029
77031
77050
77067
77091
77092
77121
77123
77134
77145
77149
77154
77160
77178
77192
77194
77196
77198
77233
77234
77236
77238
77243
77250
77256
77258
77275
77281
77285
77300
77319
77328
77354
77361
77371
77381
77386
77406
77425
77440
77452
77471
77524
77525
77539
77551
77555
77575
77586
77587
77596
77611
77614
77614
77618
77657
77657
77659
77670
77693
77695
77695
77706
77707
77711
77711
77714
77722
77723
77737
77756
77758
77762
77769
77777
77779
77780
77784
77794
77798
77816
77828
77833
77859
77864
77882
77893
77904
77908
77924
77928
77933
77934
77959
77965
77998
78006
78013
78019
78025
78040
78046
78074
78079
78093
78098
78101
78103
78119
78123
78136
78152
78159
78159
78160
78163
78174
78176
78181
78189
78190
78199
78203
78207
78214
78227
78227
78228
78240
78253
78258
78261
78264
78293
78299
78320
78331
78344
78352
78354
78355
78367
78389
78405
78413
78414
78416
78420
78454
78468
78481
78483
78507
78526
78539
78544
78549
78562
78571
78586
78597
78628
78632
78647
78647
78652
78668
78679
78681
78688
78691
78704
78713
78729
78733
78737
78749
78769
78788
78793
78802
78804
78805
78808
78812
78814
78816
78818
78819
78821
78830
78839
78848
78873
78881
78883
78910
78917
78926
78928
78966
78977
78996
79023
79043
79047
79052
79054
79068
79070
79080
79095
79101
79128
79151
79156
79159
79159
79175
79197
79221
79231
79231
79236
79241
79248
79255
79260
79303
79362
79370
79377
79419
79424
79476
79477
79501
79503
79504
79523
79529
79536
79563
79566
79574
79576
79578
79578
79592
79595
79600
79615
79618
79647
79651
79655
79662
79686
79692
79694
79697
79702
79707
79727
79743
79753
79769
79780
79781
79785
79786
79807
79822
79826
79832
79859
79863
79866
79885
79891
79895
79900
79901
79902
79903
79909
79916
79916
79926
79940
79942
79955
79958
79963
79972
79992
80016
80020
80021
80030
80031
80045
80048
80066
80073
80086
80104
80105
80112
80137
80142
80149
80151
80154
80166
80172
80189
80226
80229
80238
80239
80252
80253
80265
80266
80297
80301
80301
80309
80318
80324
80372
80374
80379
80380
80381
80385
80390
80401
80404
80404
80413
80420
80434
80441
80458
80459
80477
80484
80486
80493
80500
80526
80534
80542
80543
80554
80569
80598
80599
80600
80601
80620
80621
80629
80640
80649
80690
80694
80726
80731
80747
80757
80813
80820
80828
80838
80854
80859
80861
80863
80874
80907
80908
80916
80919
80929
80932
80943
80956
80961
80977
80979
80987
80991
81001
81018
81036
81037
81055
81057
81063
81072
81075
81077
81079
81085
81089
81095
81104
81105
81112
81118
81125
81144
81144
81152
81152
81159
81159
81165
81178
81180
81184
81184
81188
81204
81217
81219
81221
81223
81227
81235
81248
81248
81254
81261
81279
81280
81299
81312
81337
81337
81344
81351
81352
81363
81364
81372
81380
81381
81403
81410
81413
81419
81421
81438
81468
81470
81471
81472
81492
81502
81507
81526
81570
81594
81607
81642
81644
81655
81658
81660
81666
81673
81679
81686
81695
81702
81704
81710
81712
81714
81714
81729
81729
81736
81738
81784
81790
81794
81794
81814
81823
81825
81828
81828
81838
81861
81874
81879
81882
81887
81896
81899
81919
81921
81931
81957
81959
81969
81972
81973
81976
81977
81990
81990
81999
82005
82010
82013
82015
82049
82059
82081
82096
82103
82141
82141
82145
82149
82160
82168
82194
82222
82228
82236
82240
82243
82245
82248
82253
82277
82304
82315
82316
82316
82318
82333
82338
82352
82369
82401
82403
82403
82404
82411
82419
82420
82429
82431
82449
82449
82478
82483
82485
82486
82496
82504
82519
82522
82523
82531
82538
82544
82552
82561
82583
82589
82590
82597
82601
82608
82613
82616
82623
82634
82657
82657
82673
82674
82677
82691
82691
82693
82698
82710
82719
82723
82728
82732
82736
82739
82760
82763
82779
82786
82788
82791
82794
82798
82807
82837
82839
82843
82849
82851
82852
82854
82856
82863
82903
82906
82906
82958
82958
82959
82963
82965
82966
82983
82984
82998
83018
83035
83041
83057
83090
83109
83111
83141
83158
83158
83159
83168
83169
83181
83184
83190
83199
83205
83206
83236
83237
83240
83294
83319
83320
83322
83328
83349
83349
83351
83369
83369
83390
83392
83407
83411
83415
83416
83418
83421
83425
83454
83461
83474
83481
83486
83502
83505
83508
83519
83537
83538
83558
83558
83581
83584
83587
83593
83598
83624
83631
83641
83659
83660
83685
83688
83702
83722
83723
83723
83730
83730
83732
83747
83758
83784
83792
83800
83802
83811
83828
83839
83839
83843
83845
83847
83871
83885
83913
83921
83962
83990
83996
83997
84006
84029
84049
84063
84068
84084
84101
84118
84132
84140
84154
84190
84194
84195
84208
84223
84223
84225
84225
84226
84232
84240
84243
84273
84277
84288
84288
84290
84309
84315
84324
84339
84348
84351
84375
84399
84407
84418
84426
84433
84437
84453
84467
84472
84485
84497
84499
84500
84507
84508
84508
84524
84543
84560
84565
84568
84578
84579
84598
84599
84601
84609
84691
84692
84693
84725
84737
84741
84748
84759
84766
84786
84803
84808
84851
84853
84856
84858
84875
84886
84889
84910
84924
84929
84934
84937
84943
84957
84977
84980
84981
84996
85000
85003
85004
85020
85040
85066
85092
85097
85101
85109
85127
85149
85150
85152
85156
85160
85165
85188
85192
85206
85211
85238
85242
85261
85268
85283
85289
85305
85327
85330
85347
85350
85358
85369
85374
85383
85410
85416
85417
85419
85426
85461
85475
85476
85481
85491
85492
85501
85505
85528
85531
85543
85588
85607
85608
85638
85659
85665
85667
85676
85689
85704
85727
85747
85758
85771
85777
85794
85794
85795
85800
85809
85810
85814
85818
85857
85866
85894
85903
85909
85935
85954
85959
85959
85960
85963
85966
85988
85991
85996
85998
86026
86030
86046
86049
86066
86079
86100
86134
86153
86154
86161
86164
86166
86166
86180
86185
86194
86201
86205
86228
86255
86261
86261
86262
86265
86281
86284
86303
86303
86306
86308
86329
86335
86342
86347
86414
86434
86446
86470
86474
86479
86486
86494
86514
86517
86543
86547
86548
86552
86565
86568
86569
86582
86586
86586
86590
86610
86613
86619
86640
86670
86675
86684
86688
86704
86704
86713
86720
86724
86726
86738
86745
86756
86764
86776
86788
86794
86797
86799
86802
86806
86820
86823
86823
86832
86835
86842
86854
86881
86901
86902
86907
86931
86946
86994
87000
87007
87019
87020
87024
87037
87037
87048
87051
87094
87096
87105
87123
87125
87155
87167
87176
87178
87218
87222
87225
87232
87236
87261
87266
87275
87322
87350
87355
87358
87362
87370
87371
87374
87378
87381
87387
87389
87392
87400
87420
87427
87444
87469
87474
87488
87494
87499
87532
87539
87585
87586
87598
87614
87622
87638
87651
87652
87698
87708
87735
87757
87760
87769
87779
87792
87796
87806
87808
87851
87856
87877
87881
87885
87896
87917
87944
87950
87953
87969
87970
87971
87973
88014
88031
88032
88036
88046
88050
88051
88068
88072
88087
88102
88129
88133
88138
88146
88154
88159
88166
88166
88169
88170
88178
88196
88198
88199
88210
88230
88235
88245
88251
88252
88263
88268
88269
88288
88312
88313
88318
88320
88344
88348
88349
88358
88358
88359
88360
88361
88380
88416
88417
88426
88441
88467
88471
88473
88475
88476
88477
88501
88537
88547
88548
88555
88556
88571
88575
88582
88591
88593
88593
88623
88631
88636
88662
88671
88678
88693
88703
88704
88716
88726
88728
88729
88739
88756
88774
88778
88785
88786
88792
88793
88813
88815
88843
88847
88849
88881
88886
88899
88902
88910
88942
88942
88948
88967
88970
88988
88990
89000
89007
89046
89052
89066
89070
89071
89077
89094
89107
89108
89126
89140
89152
89153
89157
89189
89211
89212
89214
89214
89223
89240
89257
89261
89282
89294
89297
89299
89306
89307
89312
89314
89315
89318
89325
89340
89373
89389
89394
89405
89414
89421
89430
89455
89456
89464
89471
89505
89511
89512
89515
89533
89534
89535
89545
89583
89601
89603
89605
89609
89611
89639
89665
89669
89683
89700
89706
89753
89761
89769
89784
89799
89802
89806
89808
89809
89811
89824
89824
89830
89851
89878
89903
89911
89915
89919
89920
89934
89935
89947
89968
89970
89980
89992
90007
90017
90030
90032
90081
90083
90109
90114
90123
90125
90137
90138
90155
90157
90167
90172
90175
90176
90187
90220
90225
90230
90272
90274
90284
90311
90323
90326
90329
90333
90341
90344
90346
90351
90367
90375
90378
90382
90384
90398
90415
90425
90452
90471
90476
90485
90499
90518
90533
90535
90543
90544
90546
90551
90552
90553
90553
90571
90572
90573
90586
90597
90599
90604
90618
90619
90638
90662
90680
90709
90721
90729
90758
90771
90773
90776
90795
90797
90798
90800
90805
90813
90843
90859
90874
90886
90888
90897
90899
90902
90904
90906
90912
90927
90931
90952
90953
90978
90981
91012
91031
91044
91052
91067
91069
91094
91097
91107
91115
91125
91132
91158
91172
91202
91205
91208
91208
91210
91216
91224
91228
91235
91240
91240
91249
91260
91275
91276
91291
91291
91330
91334
91342
91350
91354
91363
91373
91378
91381
91392
91394
91432
91432
91434
91451
91457
91476
91486
91487
91490
91493
91499
91527
91536
91547
91581
91595
91654
91655
91660
91669
91670
91683
91683
91684
91693
91715
91716
91749
91753
91754
91757
91781
91784
91801
91809
91834
91847
91855
91884
91903
91904
91921
91922
91923
91923
91943
91953
91956
91967
91982
92009
92010
92022
92025
92029
92039
92067
92084
92102
92123
92129
92160
92163
92189
92215
92222
92242
92250
92272
92273
92273
92273
92275
92295
92298
92301
92309
92331
92340
92345
92358
92360
92360
92381
92385
92410
92415
92415
92418
92438
92450
92462
92475
92495
92509
92515
92526
92541
92542
92543
92560
92560
92570
92578
92588
92629
92637
92644
92659
92679
92680
92690
92694
92714
92720
92721
92754
92756
92768
92770
92787
92788
92806
92807
92819
92831
92832
92848
92873
92878
92883
92886
92891
92900
92901
92902
92910
92918
92918
92933
92935
92939
92940
92942
92957
92965
92967
92973
92986
92992
93002
93007
93012
93018
93028
93039
93040
93045
93058
93074
93091
93098
93106
93107
93114
93128
93129
93135
93166
93175
93211
93219
93221
93231
93249
93264
93279
93298
93316
93336
93340
93347
93353
93358
93363
93404
93416
93445
93492
93538
93575
93579
93586
93592
93613
93618
93627
93632
93649
93657
93661
93691
93719
93723
93724
93736
93775
93779
93788
93792
93794
93796
93801
93804
93808
93830
93838
93842
93851
93860
93861
93870
93952
93970
93980
94000
94008
94015
94024
94024
94025
94040
94057
94057
94063
94065
94087
94095
94108
94130
94132
94132
94132
94159
94181
94191
94235
94259
94261
94267
94295
94305
94313
94315
94330
94350
94356
94375
94381
94391
94400
94411
94422
94427
94429
94483
94484
94488
94498
94501
94501
94509
94531
94535
94535
94547
94557
94580
94597
94607
94614
94626
94628
94633
94648
94656
94686
94687
94689
94698
94698
94722
94728
94730
94733
94742
94748
94752
94753
94783
94809
94812
94813
94815
94826
94837
94857
94859
94860
94861
94885
94888
94897
94908
94912
94914
94927
94933
94935
94948
94956
94969
94970
94972
94973
94988
95002
95007
95011
95023
95033
95063
95065
95066
95069
95069
95097
95108
95113
95116
95118
95118
95137
95145
95150
95166
95173
95205
95206
95207
95229
95238
95271
95281
95286
95286
95338
95350
95352
95360
95363
95369
95370
95385
95395
95408
95416
95420
95449
95451
95451
95454
95462
95501
95513
95514
95522
95531
95535
95547
95553
95553
95569
95571
95580
95585
95607
95616
95620
95622
95623
95624
95624
95641
95645
95706
95714
95723
95725
95735
95738
95753
95768
95774
95780
95802
95814
95850
95852
95856
95863
95865
95872
95882
95884
95891
95894
95899
95906
95907
95911
95919
95940
95943
95948
95970
95979
95989
95991
95992
96021
96030
96035
96038
96043
96044
96049
96050
96064
96068
96082
96128
96150
96159
96165
96174
96180
96180
96186
96192
96199
96211
96230
96248
96250
96250
96259
96282
96295
96298
96299
96304
96306
96328
96329
96413
96418
96423
96445
96455
96462
96482
96485
96491
96501
96503
96511
96512
96519
96540
96541
96545
96562
96573
96582
96589
96599
96602
96620
96621
96653
96661
96667
96669
96673
96676
96688
96689
96698
96699
96703
96704
96711
96721
96728
96729
96734
96751
96754
96764
96791
96798
96811
96812
96820
96823
96826
96834
96835
96840
96844
96846
96860
96893
96905
96910
96912
96919
96919
96940
96940
96940
96948
96948
96970
96993
96997
97002
97037
97040
97042
97057
97061
97069
97073
97074
97075
97084
97085
97088
97097
97120
97135
97167
97177
97189
97196
97201
97211
97231
97232
97253
97254
97257
97278
97305
97349
97353
97365
97379
97379
97395
97408
97422
97422
97462
97474
97481
97484
97486
97503
97520
97536
97559
97568
97575
97577
97578
97643
97650
97651
97652
97685
97706
97714
97734
97746
97756
97756
97764
97769
97781
97791
97794
97810
97813
97822
97849
97876
97892
97899
97901
97905
97950
97957
97976
97976
97989
98000
98012
98014
98016
98028
98029
98048
98062
98067
98067
98081
98083
98093
98099
98116
98122
98125
98127
98128
98149
98149
98155
98183
98187
98203
98211
98214
98225
98225
98226
98229
98235
98243
98246
98292
98295
98299
98315
98321
98326
98334
98345
98355
98376
98381
98388
98399
98403
98428
98480
98483
98494
98495
98500
98502
98503
98515
98516
98517
98524
98543
98549
98559
98590
98610
98624
98625
98630
98640
98642
98678
98683
98686
98691
98706
98719
98733
98737
98742
98742
98744
98750
98767
98769
98771
98783
98801
98819
98842
98908
98916
98927
98936
98941
98945
98971
98974
98978
98987
98989
99003
99016
99020
99029
99042
99064
99072
99074
99108
99114
99130
99133
99145
99148
99154
99158
99163
99174
99189
99193
99201
99217
99227
99239
99243
99245
99251
99252
99270
99277
99284
99286
99290
99297
99298
99299
99302
99304
99310
99312
99317
99317
99329
99334
99337
99377
99381
99423
99455
99472
99475
99513
99525
99542
99547
99568
99575
99578
99597
99601
99630
99650
99667
99668
99676
99678
99680
99681
99684
99695
99699
99701
99702
99716
99724
99730
99770
99770
99774
99776
99783
99786
99794
99800
99818
99823
99823
99825
99860
99873
99874
99877
99884
99899
99903
99928
99935
99938
99950
99970
99977
99990
99997
99999
