266
298
377
426
563
612
668
724
737
909
936
1202
1246
1269
1472
1484
1512
1542
1741
1795
1882
1950
1971
2021
2338
2392
2443
2461
2507
2640
2705
2869
3109
3170
3234
3275
3412
3532
3534
3551
3601
3758
3763
3800
3939
4084
4089
4110
4284
4288
4477
4560
4658
4705
4787
5078
5094
5338
5400
5505
5820
5881
6221
6237
6250
6291
6357
6482
6494
6552
6590
6640
6893
6941
7174
7288
7363
7384
7428
7547
7563
7601
7642
7777
8027
8411
8419
8590
8611
8711
8873
8965
8972
9368
9515
9582
9824
10222
10256
10497
10517
10560
10631
10750
10820
10823
10846
11165
11229
11295
11310
11445
11637
11671
11675
11770
11916
12084
12113
12163
12360
12366
12378
12707
12756
12758
12763
12818
12901
13062
13161
13273
13331
13347
13366
13470
13757
13833
14237
14278
14431
14432
14482
14529
14606
14750
14873
14884
14898
15079
15198
15287
15307
15311
15311
15343
15447
15527
15606
15678
15747
15760
15822
15934
16091
16214
16243
16309
16418
16463
16737
16827
16926
16984
17137
17183
17377
18169
18196
18233
18349
18380
18462
18684
18716
18811
18841
18900
18995
19145
19329
19370
19373
19522
19555
19661
19757
19834
19856
19876
19888
19941
20014
20036
20089
20148
20212
20270
20292
20334
20382
20443
20462
20547
20594
20604
20783
20819
20840
20966
20982
21082
21240
21244
21345
21345
21488
21505
21613
21834
22016
22307
22418
22482
22503
22517
22680
22703
22912
22998
23079
23185
23187
23225
23321
23594
23608
23615
23758
23774
23800
23954
24215
24293
24445
24891
25055
25155
25228
25405
25576
25631
25646
25728
25844
25855
25967
26023
26048
26172
26289
26293
26424
26435
26644
26703
26714
26816
26846
26918
27005
27015
27071
27151
27208
27265
27302
27330
27435
27596
27610
27688
27705
27734
27787
27957
28021
28705
28810
28909
29223
29241
29410
29501
29567
29794
29935
30147
30175
30200
30300
30386
30496
30668
30771
30848
30850
31034
31222
31271
31286
31529
31737
31973
32113
32130
32192
32283
32346
32398
32514
32554
32666
32736
32752
32763
33018
33041
33097
33137
33276
33398
33497
33550
33590
33617
33766
33787
33908
33949
33952
34041
34051
34126
34251
34296
34337
34370
34421
34489
34596
34723
34768
34776
34795
34932
34992
35095
35163
35598
35601
35727
35796
35804
36038
36109
36297
36299
36533
36628
36812
37005
37137
37288
37366
37378
37474
37514
37567
37583
37786
37942
38000
38167
38170
38362
38370
38490
38678
38702
38737
38880
38887
38924
39068
39218
39292
39486
39490
39520
39872
39935
40091
40309
40753
40889
40994
41082
41185
41295
41405
41425
41593
41649
41724
41897
42109
42120
42147
42215
42234
42317
42334
42360
42582
42598
42649
42809
42822
42988
43027
43273
43285
43351
43371
43491
43574
43751
43820
43904
44027
97
18
79
81
42
15
66
79
62
9
31
32
97
14
19
93
39
100
97
29
20
1
58
85
92
83
17
36
16
65
94
9
99
59
44
4
43
73
42
76
7
45
86
86
87
41
65
76
71
27
79
9
83
94
100
56
65
41
10
33
75
10
82
3
88
40
38
23
38
77
71
73
46
25
68
56
78
43
46
51
11
34
29
19
11
4
91
16
64
68
17
66
11
58
65
46
34
10
5
69
53692
53703
53887
53991
54049
54185
54982
55037
55114
55154
55207
55296
55312
55402
55537
55586
55833
55896
55926
55956
55989
56126
56144
56248
56338
56458
56615
56853
56895
56968
57067
57086
57120
57302
57306
57352
57568
57758
58005
58323
58378
58412
58698
58875
58966
59039
59097
59124
59169
59185
59305
59620
59667
59731
59789
59893
59899
60044
60068
60208
60585
60859
60874
60900
60955
60979
61058
61093
61119
61596
61606
61646
61664
61764
61867
61883
61943
62068
62200
62290
62301
63066
63122
63158
63166
63406
63429
63440
63475
63540
63860
64033
64038
64102
64262
64284
64327
64342
64360
64379
64520
64544
65010
65042
65069
65086
65171
65268
65541
65588
65609
66059
66132
66416
66630
66643
66791
66801
66905
66907
66930
66968
67040
67071
67152
67237
67406
67592
67626
67781
67893
67901
68061
68145
68227
68383
68411
68618
68690
68805
68911
69085
69127
69254
69356
69567
69688
69701
69765
69829
69832
69908
70151
70186
70218
70319
70474
70512
70577
70614
70615
70890
71048
71126
71157
71224
71298
71356
71560
71922
72200
72293
72326
72336
72347
72347
72534
72628
72676
72733
72848
72862
72876
72879
72942
73036
73062
73097
73134
73196
73464
73471
73660
73702
73783
73917
73939
73944
73996
74051
74130
74140
74158
74168
74195
74278
74327
74380
74629
74637
74695
74869
74877
75230
75391
75475
75557
75586
75910
75985
76660
76864
76877
76959
77073
77276
77417
77453
77708
77773
77808
77822
77877
78037
78095
78141
78245
78340
78433
78471
78477
78483
78547
78739
78776
79104
79144
79195
79332
79374
79374
79634
79741
79753
79783
79806
79840
79878
80087
80120
80281
80340
80515
80813
80822
81108
81133
81207
81274
81440
81543
81621
81775
82389
82398
82453
82554
82616
82694
82715
82958
83209
83233
83520
83552
83595
83686
83746
83992
84102
84263
84293
84409
84505
84723
84814
84888
84965
84997
85023
85025
85151
85443
85456
85483
85566
85635
85657
85872
86003
86179
86189
86195
86584
86609
86694
86855
86859
86891
86968
86980
87007
87087
87421
87465
87689
87805
87809
87864
88304
88525
88714
88974
89017
89060
89070
89340
89353
89376
89500
89622
89723
89801
89973
90040
90220
90420
90458
90589
90736
90994
91261
91305
91479
91578
91704
91737
91862
91922
91966
92052
92116
92441
92561
92577
92602
92960
93031
93032
93168
93190
93269
93352
93487
93541
93606
93638
93729
93869
94128
94180
94276
94284
94292
94336
94477
94515
94546
94575
94661
94798
94946
94988
95066
95550
95559
95585
95626
95693
95743
95768
95821
95845
95899
95941
95945
96108
96130
96300
96375
96604
96816
96817
96881
96999
97069
97140
97248
97274
97339
97406
97550
97602
97691
97706
97905
97958
98008
98069
98091
98105
98145
98498
98513
98679
98817
98854
99117
99145
99170
99197
99365
99494
99524
99546
99759
99821
99877
99900
